#F directbeam20221028
#E 1666980467
#D Fri Oct 28 11:07:47 2022
#C twoc  User = b_stone

#O0 tth  th  M0Vtran  M0Pitch  M0Yaw  Motor 3  M0Bend  diagnostic
#O1 M0Horzslt  M0Vertslt  Crystal  Analyzer  s12  s13  I0vert  vortex_x
#O2 vortex_y  vortex_z  Gonio_X  Gonio_Y  Gonio_Chi  Gonio_Theta  V0gap  V0tran
#O3 H0gap  H0tran  Top1Vert  Bttm1Vert  Left1Hor  Right1Hor  Top2Vert  Bttm2Vert
#O4 Left2Hor  Right2Hor  bsx  bsy  l3h  anzphi  Table_vert  Thor
#O5 Z-Stage  ALD Vertical  I0horz  s51  s52  s53  s54  s55
#O6 s56  s57  h1gap  h1tran  v1gap  v1tran  h2gap  h2tran
#O7 v2gap  v2tran  v3gap  v3tran  h3gap  h3tran  calcQ  Monochrom
#O8 tempset  cryomot  cth  ctth  kmotV  kmotI  
#o0 tth th m0vtran m0pitch m0yaw m3 m0bend diag
#o1 m0hsl m0vsl crystal anz s12 s13 i0vert vort_x
#o2 vort_y vort_z gonx gony gonchi gonthe v0gap v0tran
#o3 h0gap h0tran t1v b1v l1h r1h t2v b2v
#o4 l2h r2h bsx bsy l3h anzphi table thor
#o5 zstage ald i0horz s51 s52 s53 s54 s55
#o6 s56 s57 h1gap h1tran v1gap v1tran h2gap h2tran
#o7 v2gap v2tran v3gap v3tran h3gap h3tran _Q mono
#o8 tempset cryomot cth ctth kmotV kmotI 
#J0 Seconds  Monitor  Detector  I0  I2  Foils  Normalized  A34410
#J1 kpow  ch5  ch6  ch7  ICRxT  OCRxT  ROI1  ROI2
#J2 ROI3  ROI4  ROI5  ROI6  ROI7  TEMP  TTIMER  CTEMP
#J3 Timer  gkcnt1  gkcnt2  keith_I  keith_V  pd1  pd2  pd3
#J4 pd4  pd5  pd6  pd7  pd8  pd9  pd10  pd11
#J5 pd12  pd13  pd14  pd15  pd16  pd17  pd18  agdaq1
#J6 agdaq2  agdaq3  agdaq4  CTEMPB  
#j0 sec mon det i0 i2 fstat normlz A34410
#j1 kpow ch5 ch6 ch7 ICR OCR ROI1 ROI2
#j2 ROI3 ROI4 ROI5 ROI6 ROI7 TEMP tempsec CTEMP
#j3 timesec gkcnt1 gkcnt2 keith_I keith_V pd1 pd2 pd3
#j4 pd4 pd5 pd6 pd7 pd8 pd9 pd10 pd11
#j5 pd12 pd13 pd14 pd15 pd16 PD_MIN PD_MAX agdaq1
#j6 agdaq2 agdaq3 agdaq4 CTEMPB 


#S 1  ascan  tth -1 1  100 1
#D Fri Oct 28 11:11:48 2022
#T 1  (Seconds)
#G0 0
#G1 1.54 1.54 90 4.079990459 4.079990459 90 1 0 60 30 0
#G3 4.079990459 2.498273628e-16 0 4.079990459
#G4 0 0 0 0.7293188287
#Q 0 0
#P0 -1.25e-09 0 0.88031583 0.19204008 0.12165184 0 5.9707899 0
#P1 1.2247863 -12.737998 6.6784105 6.93222 0.3 71.45 -1.0735 -9.5
#P2 32.320295 -15.944882 -0.52273198 0.48615598 0.072410457 0.67112781 0.74980798 0
#P3 3.0002479 -0.34340799 7.5 7.5 1 1 5.0125 4.9875
#P4 2 2 0 -3.0007559 1.5 -0.6741573 0.67831103 0
#P5 -26.685 0 3.4003048 0 0 0 0 0
#P6 0 0 2 0 15 0 4 0
#P7 10 0.013 3.5 -1 1.5 -0.75 -1.8795325e-10 17000.006
#P8 0 -1 1 1 440 0 
#N 42
#L tth  H  K  Epoch  Seconds  I0  I2  Foils  Normalized  A34410  kpow  ch5  ch6  ch7  TEMP  TTIMER  gkcnt1  gkcnt2  pd1  pd2  pd3  pd4  pd5  pd6  pd7  pd8  pd9  pd10  pd11  pd12  pd13  pd14  pd15  pd16  pd17  pd18  agdaq1  agdaq2  agdaq3  agdaq4  Monitor  Detector
-1 -0.0368518 -0.000321601 243 1 112136 88     1011 44241.339 0 0 2 98726 98512 0 0 0 0 -2 -2 -2 -2 -2 -2 -2 -2 -2 -2 -2 -2 -2 -2 -2 -2 0 0 0 0 0 0 10 1
-0.98 -0.0361148 -0.000308866 244 1 111966 88     1011 0 0 0 1 98584 98331 0 0 0 0 -2 -2 -2 -2 -2 -2 -2 -2 -2 -2 -2 -2 -2 -2 -2 -2 0 0 0 0 0 0 10 0
-0.96 -0.0353779 -0.000296388 245 1 111773 87     1011 0 0 0 0 98389 98205 0 0 0 0 -2 -2 -2 -2 -2 -2 -2 -2 -2 -2 -2 -2 -2 -2 -2 -2 0 0 0 0 0 0 11 0
-0.94 -0.0346409 -0.000284167 247 1 111927 88     1011 0 0 0 0 98619 98179 0 0 0 0 -2 -2 -2 -2 -2 -2 -2 -2 -2 -2 -2 -2 -2 -2 -2 -2 0 0 0 0 0 0 11 0
-0.92 -0.0339039 -0.000272204 248 1 112031 87     1011 40219.399 0 0 2 98743 98227 0 0 0 0 -2 -2 -2 -2 -2 -2 -2 -2 -2 -2 -2 -2 -2 -2 -2 -2 0 0 0 0 0 0 11 1
-0.9 -0.0331669 -0.000260498 250 1 111966 87     1011 0 0 0 1 98630 98207 0 0 0 0 -2 -2 -2 -2 -2 -2 -2 -2 -2 -2 -2 -2 -2 -2 -2 -2 0 0 0 0 0 0 11 0
-0.88 -0.0324299 -0.000249049 251 1 111971 88     1011 0 0 0 0 98684 98143 0 0 0 0 -2 -2 -2 -2 -2 -2 -2 -2 -2 -2 -2 -2 -2 -2 -2 -2 0 0 0 0 0 0 10 0
-0.86 -0.031693 -0.000237857 252 1 112142 87     1011 0 0 0 0 98837 98228 0 0 0 0 -2 -2 -2 -2 -2 -2 -2 -2 -2 -2 -2 -2 -2 -2 -2 -2 0 0 0 0 0 0 10 0
-0.84 -0.030956 -0.000226923 254 1 112102 87     1011 0 0 0 1 98812 98158 0 0 0 0 -2 -2 -2 -2 -2 -2 -2 -2 -2 -2 -2 -2 -2 -2 -2 -2 0 0 0 0 0 0 10 0
-0.82 -0.030219 -0.000216246 255 1 111872 87     1011 0 0 0 1 98555 98030 0 0 0 0 -2 -2 -2 -2 -2 -2 -2 -2 -2 -2 -2 -2 -2 -2 -2 -2 0 0 0 0 0 0 11 0
-0.8 -0.029482 -0.000205826 256 1 111892 87     1011 0 0 0 1 98497 98121 0 0 0 0 -2 -2 -2 -2 -2 -2 -2 -2 -2 -2 -2 -2 -2 -2 -2 -2 0 0 0 0 0 0 11 0
-0.78 -0.028745 -0.000195664 258 1 111819 88     1011 0 0 0 1 98327 98212 0 0 0 0 -2 -2 -2 -2 -2 -2 -2 -2 -2 -2 -2 -2 -2 -2 -2 -2 0 0 0 0 0 0 11 0
-0.76 -0.028008 -0.000185759 259 1 111780 87     1011 0 0 0 0 98299 98132 0 0 0 0 -2 -2 -2 -2 -2 -2 -2 -2 -2 -2 -2 -2 -2 -2 -2 -2 0 0 0 0 0 0 11 0
-0.74 -0.027271 -0.000176111 260 1 112011 88     1011 0 0 0 1 98506 98268 0 0 0 0 -2 -2 -2 -2 -2 -2 -2 -2 -2 -2 -2 -2 -2 -2 -2 -2 0 0 0 0 0 0 12 0
-0.72 -0.0265339 -0.00016672 262 1 111828 87     1011 0 0 0 0 98343 98145 0 0 0 0 -2 -2 -2 -2 -2 -2 -2 -2 -2 -2 -2 -2 -2 -2 -2 -2 0 0 0 0 0 0 11 0
-0.7 -0.0257969 -0.000157586 263 1 111723 88     1011 44241.339 0 0 2 98213 98076 0 0 0 0 -2 -2 -2 -2 -2 -2 -2 -2 -2 -2 -2 -2 -2 -2 -2 -2 0 0 0 0 0 0 10 1
-0.68 -0.0250599 -0.00014871 264 1 111797 88     1011 0 0 0 0 98282 98137 0 0 0 0 -2 -2 -2 -2 -2 -2 -2 -2 -2 -2 -2 -2 -2 -2 -2 -2 0 0 0 0 0 0 12 0
-0.66 -0.0243229 -0.000140091 266 1 111869 88     1011 0 0 0 0 98399 98059 0 0 0 0 -2 -2 -2 -2 -2 -2 -2 -2 -2 -2 -2 -2 -2 -2 -2 -2 0 0 0 0 0 0 12 0
-0.64 -0.0235859 -0.00013173 267 1 111738 88     1011 0 0 0 0 98244 98005 0 0 0 0 -2 -2 -2 -2 -2 -2 -2 -2 -2 -2 -2 -2 -2 -2 -2 -2 0 0 0 0 0 0 11 0
-0.62 -0.0228488 -0.000123625 268 1 111868 87     1011 0 0 0 2 98324 98095 0 0 0 0 -2 -2 -2 -2 -2 -2 -2 -2 -2 -2 -2 -2 -2 -2 -2 -2 0 0 0 0 0 0 11 0
-0.6 -0.0221118 -0.000115778 269 1 112040 87     1011 0 0 0 0 98517 98186 0 0 0 0 -2 -2 -2 -2 -2 -2 -2 -2 -2 -2 -2 -2 -2 -2 -2 -2 0 0 0 0 0 0 12 0
-0.58 -0.0213748 -0.000108188 271 1 111994 88     1011 0 0 0 0 98489 98166 0 0 0 0 -2 -2 -2 -2 -2 -2 -2 -2 -2 -2 -2 -2 -2 -2 -2 -2 0 0 0 0 0 0 11 0
-0.56 -0.0206377 -0.000100856 272 1 111878 88     1011 0 0 0 0 98505 97908 0 0 0 0 -2 -2 -2 -2 -2 -2 -2 -2 -2 -2 -2 -2 -2 -2 -2 -2 0 0 0 0 0 0 11 0
-0.54 -0.0199007 -9.37805e-05 273 1 111951 88     1011 0 0 0 0 98608 97916 0 0 0 0 -2 -2 -2 -2 -2 -2 -2 -2 -2 -2 -2 -2 -2 -2 -2 -2 0 0 0 0 0 0 10 0
-0.52 -0.0191636 -8.69624e-05 275 1 111923 88     1011 0 0 0 0 98482 97982 0 0 0 0 -2 -2 -2 -2 -2 -2 -2 -2 -2 -2 -2 -2 -2 -2 -2 -2 0 0 0 0 0 0 11 0
-0.5 -0.0184266 -8.04017e-05 276 1 111936 88     1011 0 0 0 0 98479 98016 0 0 0 0 -2 -2 -2 -2 -2 -2 -2 -2 -2 -2 -2 -2 -2 -2 -2 -2 0 0 0 0 0 0 11 0
-0.48 -0.0176896 -7.40983e-05 277 1 111921 88     1011 0 0 0 1 98453 98012 0 0 0 0 -2 -2 -2 -2 -2 -2 -2 -2 -2 -2 -2 -2 -2 -2 -2 -2 0 0 0 0 0 0 11 0
-0.46 -0.0169525 -6.80521e-05 279 1 111836 89     1011 0 0 0 1 98359 98006 0 0 0 0 -2 -2 -2 -2 -2 -2 -2 -2 -2 -2 -2 -2 -2 -2 -2 -2 0 0 0 0 0 0 10 0
-0.44 -0.0162155 -6.22632e-05 280 1 111796 88     1011 0 0 0 0 98220 98040 0 0 0 0 -2 -2 -2 -2 -2 -2 -2 -2 -2 -2 -2 -2 -2 -2 -2 -2 0 0 0 0 0 0 9 0
-0.42 -0.0154784 -5.67316e-05 282 1 111903 88     1011 0 0 0 1 98362 98023 0 0 0 0 -2 -2 -2 -2 -2 -2 -2 -2 -2 -2 -2 -2 -2 -2 -2 -2 0 0 0 0 0 0 10 0
-0.4 -0.0147413 -5.14572e-05 283 1 111923 88     1011 0 0 0 2 98381 98006 0 0 0 0 -2 -2 -2 -2 -2 -2 -2 -2 -2 -2 -2 -2 -2 -2 -2 -2 0 0 0 0 0 0 10 0
-0.38 -0.0140043 -4.64402e-05 284 1 111947 88     1011 40219.399 0 0 2 98283 98143 0 0 0 0 -2 -2 -2 -2 -2 -2 -2 -2 -2 -2 -2 -2 -2 -2 -2 -2 0 0 0 0 0 0 11 1
-0.36 -0.0132672 -4.16804e-05 286 1 111980 88     1011 0 0 0 0 98338 98088 0 0 0 0 -2 -2 -2 -2 -2 -2 -2 -2 -2 -2 -2 -2 -2 -2 -2 -2 0 0 0 0 0 0 10 0
-0.34 -0.0125302 -3.71779e-05 287 1 111805 87     1011 0 0 0 0 98141 97978 0 0 0 0 -2 -2 -2 -2 -2 -2 -2 -2 -2 -2 -2 -2 -2 -2 -2 -2 0 0 0 0 0 0 10 0
-0.32 -0.0117931 -3.29327e-05 288 1 111681 88     1011 0 0 0 1 98083 97809 0 0 0 0 -2 -2 -2 -2 -2 -2 -2 -2 -2 -2 -2 -2 -2 -2 -2 -2 0 0 0 0 0 0 10 0
-0.3 -0.011056 -2.89447e-05 290 1 111713 88     1011 44241.339 0 0 1 98152 97785 0 0 0 0 -2 -2 -2 -2 -2 -2 -2 -2 -2 -2 -2 -2 -2 -2 -2 -2 0 0 0 0 0 0 10 1
-0.28 -0.010319 -2.52141e-05 291 1 111770 88     1011 0 0 0 2 98242 97780 0 0 0 0 -2 -2 -2 -2 -2 -2 -2 -2 -2 -2 -2 -2 -2 -2 -2 -2 0 0 0 0 0 0 10 0
-0.26 -0.00958192 -2.17407e-05 292 1 111822 88     1011 44241.339 0 0 1 98207 97909 0 0 0 0 -2 -2 -2 -2 -2 -2 -2 -2 -2 -2 -2 -2 -2 -2 -2 -2 0 0 0 0 0 0 10 1
-0.24 -0.00884485 -1.85246e-05 294 1 111803 88     1011 0 0 0 0 98214 97855 0 0 0 0 -2 -2 -2 -2 -2 -2 -2 -2 -2 -2 -2 -2 -2 -2 -2 -2 0 0 0 0 0 0 13 0
-0.22 -0.00810779 -1.55659e-05 295 1 111849 88     1011 0 0 0 0 98264 97862 0 0 0 0 -2 -2 -2 -2 -2 -2 -2 -2 -2 -2 -2 -2 -2 -2 -2 -2 0 0 0 0 0 0 14 0
-0.2 -0.00737072 -1.28643e-05 296 1 111824 88     1011 0 0 0 1 98155 97897 0 0 0 0 -2 -2 -2 -2 -2 -2 -2 -2 -2 -2 -2 -2 -2 -2 -2 -2 0 0 0 0 0 0 15 0
-0.18 -0.00663365 -1.04201e-05 298 1 111640 88     1011 0 0 0 0 98008 97707 0 0 0 0 -2 -2 -2 -2 -2 -2 -2 -2 -2 -2 -2 -2 -2 -2 -2 -2 0 0 0 0 0 0 15 0
-0.16 -0.00589658 -8.23318e-06 299 1 111520 88     1011 0 0 0 0 97871 97598 0 0 0 0 -2 -2 -2 -2 -2 -2 -2 -2 -2 -2 -2 -2 -2 -2 -2 -2 0 0 0 0 0 0 15 0
-0.14 -0.00515951 -6.30353e-06 300 1 111601 88     1011 31600.957 0 0 1 97969 97587 0 0 0 0 -2 -2 -2 -2 -2 -2 -2 -2 -2 -2 -2 -2 -2 -2 -2 -2 0 0 0 0 0 0 14 1
-0.12 -0.00442244 -4.63117e-06 302 1 111593 87     1011 0 0 0 0 97982 97514 0 0 0 0 -2 -2 -2 -2 -2 -2 -2 -2 -2 -2 -2 -2 -2 -2 -2 -2 0 0 0 0 0 0 11 0
-0.1 -0.00368536 -3.21609e-06 303 1 111680 88     1011 0 0 0 0 98053 97616 0 0 0 0 -2 -2 -2 -2 -2 -2 -2 -2 -2 -2 -2 -2 -2 -2 -2 -2 0 0 0 0 0 0 11 0
-0.080000001 -0.00294829 -2.0583e-06 304 1 111591 88     1011 40219.399 0 0 2 97972 97539 0 0 0 0 -2 -2 -2 -2 -2 -2 -2 -2 -2 -2 -2 -2 -2 -2 -2 -2 0 0 0 0 0 0 11 1
-0.060000001 -0.00221122 -1.15779e-06 306 1 111470 88     1011 0 0 0 1 97852 97422 0 0 0 0 -2 -2 -2 -2 -2 -2 -2 -2 -2 -2 -2 -2 -2 -2 -2 -2 0 0 0 0 0 0 10 0
-0.040000001 -0.00147415 -5.14574e-07 307 1 111425 88     1011 0 0 0 0 97790 97358 0 0 0 0 -2 -2 -2 -2 -2 -2 -2 -2 -2 -2 -2 -2 -2 -2 -2 -2 0 0 0 0 0 0 11 0
-0.020000001 -0.000737073 -1.28644e-07 308 1 111625 88     1011 0 0 0 0 97995 97480 0 0 0 0 -2 -2 -2 -2 -2 -2 -2 -2 -2 -2 -2 -2 -2 -2 -2 -2 0 0 0 0 0 0 10 0
-1.25e-09 0 0 310 1 111686 88     1011 0 0 0 3 97967 97585 0 0 0 0 -2 -2 -2 -2 -2 -2 -2 -2 -2 -2 -2 -2 -2 -2 -2 -2 0 0 0 0 0 0 11 0
0.019999999 0.000737073 -1.28644e-07 311 1 111462 87     1011 0 0 0 2 97706 97468 0 0 0 0 -2 -2 -2 -2 -2 -2 -2 -2 -2 -2 -2 -2 -2 -2 -2 -2 0 0 0 0 0 0 11 0
0.039999999 0.00147415 -5.14574e-07 312 1 111494 88     1011 0 0 0 1 97656 97542 0 0 0 0 -2 -2 -2 -2 -2 -2 -2 -2 -2 -2 -2 -2 -2 -2 -2 -2 0 0 0 0 0 0 11 0
0.059999999 0.00221122 -1.15779e-06 313 1 111341 88     1011 0 0 0 1 97591 97311 0 0 0 0 -2 -2 -2 -2 -2 -2 -2 -2 -2 -2 -2 -2 -2 -2 -2 -2 0 0 0 0 0 0 11 0
0.079999999 0.00294829 -2.0583e-06 315 1 111380 88     1011 44241.339 0 0 2 97656 97290 0 0 0 0 -2 -2 -2 -2 -2 -2 -2 -2 -2 -2 -2 -2 -2 -2 -2 -2 0 0 0 0 0 0 10 1
0.099999999 0.00368536 -3.21609e-06 316 1 111444 88     1011 0 0 0 0 97705 97322 0 0 0 0 -2 -2 -2 -2 -2 -2 -2 -2 -2 -2 -2 -2 -2 -2 -2 -2 0 0 0 0 0 0 9 0
0.12 0.00442244 -4.63117e-06 317 1 111531 89     1011 0 0 0 0 97729 97436 0 0 0 0 -2 -2 -2 -2 -2 -2 -2 -2 -2 -2 -2 -2 -2 -2 -2 -2 0 0 0 0 0 0 10 0
0.14 0.00515951 -6.30353e-06 319 1 111609 88     1011 0 0 0 0 97825 97502 0 0 0 0 -2 -2 -2 -2 -2 -2 -2 -2 -2 -2 -2 -2 -2 -2 -2 -2 0 0 0 0 0 0 11 0
0.16 0.00589658 -8.23318e-06 320 1 111595 88     1011 0 0 0 0 97772 97539 0 0 0 0 -2 -2 -2 -2 -2 -2 -2 -2 -2 -2 -2 -2 -2 -2 -2 -2 0 0 0 0 0 0 11 0
0.18 0.00663365 -1.04201e-05 322 1 111461 88     1011 0 0 0 0 97613 97456 0 0 0 0 -2 -2 -2 -2 -2 -2 -2 -2 -2 -2 -2 -2 -2 -2 -2 -2 0 0 0 0 0 0 11 0
0.2 0.00737072 -1.28643e-05 323 1 111442 88     1011 0 0 0 1 97612 97443 0 0 0 0 -2 -2 -2 -2 -2 -2 -2 -2 -2 -2 -2 -2 -2 -2 -2 -2 0 0 0 0 0 0 12 0
0.22 0.00810779 -1.55659e-05 324 1 111436 89     1011 0 0 0 3 97717 97330 0 0 0 0 -2 -2 -2 -2 -2 -2 -2 -2 -2 -2 -2 -2 -2 -2 -2 -2 0 0 0 0 0 0 11 0
0.24 0.00884485 -1.85246e-05 326 1 111466 89     1011 0 0 0 0 97675 97430 0 0 0 0 -2 -2 -2 -2 -2 -2 -2 -2 -2 -2 -2 -2 -2 -2 -2 -2 0 0 0 0 0 0 10 0
0.26 0.00958192 -2.17407e-05 327 1 111611 89     1011 0 0 0 0 97848 97465 0 0 0 0 -2 -2 -2 -2 -2 -2 -2 -2 -2 -2 -2 -2 -2 -2 -2 -2 0 0 0 0 0 0 10 0
0.28 0.010319 -2.52141e-05 328 1 111529 89     1011 0 0 0 0 97749 97438 0 0 0 0 -2 -2 -2 -2 -2 -2 -2 -2 -2 -2 -2 -2 -2 -2 -2 -2 0 0 0 0 0 0 10 0
0.3 0.011056 -2.89447e-05 330 1 111561 89     1011 0 0 0 1 97791 97455 0 0 0 0 -2 -2 -2 -2 -2 -2 -2 -2 -2 -2 -2 -2 -2 -2 -2 -2 0 0 0 0 0 0 5 0
0.32 0.0117931 -3.29327e-05 331 1 111524 89     1011 0 0 0 0 97716 97443 0 0 0 0 -2 -2 -2 -2 -2 -2 -2 -2 -2 -2 -2 -2 -2 -2 -2 -2 0 0 0 0 0 0 2 0
0.34 0.0125302 -3.71779e-05 332 1 111491 89     1011 0 0 0 1 97742 97309 0 0 0 0 -2 -2 -2 -2 -2 -2 -2 -2 -2 -2 -2 -2 -2 -2 -2 -2 0 0 0 0 0 0 5 0
0.36 0.0132672 -4.16804e-05 334 1 111567 89     1011 49157.044 0 0 1 97788 97405 0 0 0 0 -2 -2 -2 -2 -2 -2 -2 -2 -2 -2 -2 -2 -2 -2 -2 -2 0 0 0 0 0 0 9 1
0.38 0.0140043 -4.64402e-05 335 1 111506 89     1011 0 0 0 0 97727 97323 0 0 0 0 -2 -2 -2 -2 -2 -2 -2 -2 -2 -2 -2 -2 -2 -2 -2 -2 0 0 0 0 0 0 9 0
0.4 0.0147413 -5.14572e-05 336 1 111530 89     1011 0 0 0 0 97741 97317 0 0 0 0 -2 -2 -2 -2 -2 -2 -2 -2 -2 -2 -2 -2 -2 -2 -2 -2 0 0 0 0 0 0 10 0
0.42 0.0154784 -5.67316e-05 338 1 111529 89     1011 55301.674 0 0 2 97689 97345 0 0 0 0 -2 -2 -2 -2 -2 -2 -2 -2 -2 -2 -2 -2 -2 -2 -2 -2 0 0 0 0 0 0 8 1
0.44 0.0162155 -6.22632e-05 339 1 111477 89     1011 0 0 0 1 97555 97348 0 0 0 0 -2 -2 -2 -2 -2 -2 -2 -2 -2 -2 -2 -2 -2 -2 -2 -2 0 0 0 0 0 0 9 0
0.46 0.0169525 -6.80521e-05 340 1 111484 89     1011 0 0 0 0 97565 97338 0 0 0 0 -2 -2 -2 -2 -2 -2 -2 -2 -2 -2 -2 -2 -2 -2 -2 -2 0 0 0 0 0 0 9 0
0.48 0.0176896 -7.40983e-05 342 1 111492 89     1011 49157.044 0 0 2 97597 97290 0 0 0 0 -2 -2 -2 -2 -2 -2 -2 -2 -2 -2 -2 -2 -2 -2 -2 -2 0 0 0 0 0 0 9 1
0.5 0.0184266 -8.04017e-05 343 1 111541 89     1011 0 0 0 0 97612 97373 0 0 0 0 -2 -2 -2 -2 -2 -2 -2 -2 -2 -2 -2 -2 -2 -2 -2 -2 0 0 0 0 0 0 10 0
0.52 0.0191636 -8.69624e-05 344 1 111556 89     1011 0 0 0 1 97695 97262 0 0 0 0 -2 -2 -2 -2 -2 -2 -2 -2 -2 -2 -2 -2 -2 -2 -2 -2 0 0 0 0 0 0 9 0
0.54 0.0199007 -9.37805e-05 346 1 111534 89     1011 44241.339 0 0 2 97683 97223 0 0 0 0 -2 -2 -2 -2 -2 -2 -2 -2 -2 -2 -2 -2 -2 -2 -2 -2 0 0 0 0 0 0 10 1
0.56 0.0206377 -0.000100856 347 1 111445 88     1011 0 0 0 0 97587 97177 0 0 0 0 -2 -2 -2 -2 -2 -2 -2 -2 -2 -2 -2 -2 -2 -2 -2 -2 0 0 0 0 0 0 10 0
0.58 0.0213748 -0.000108188 348 1 111400 89     1011 44241.339 0 0 1 97501 97198 0 0 0 0 -2 -2 -2 -2 -2 -2 -2 -2 -2 -2 -2 -2 -2 -2 -2 -2 0 0 0 0 0 0 10 1
0.6 0.0221118 -0.000115778 350 1 111428 89     1011 0 0 0 0 97500 97256 0 0 0 0 -2 -2 -2 -2 -2 -2 -2 -2 -2 -2 -2 -2 -2 -2 -2 -2 0 0 0 0 0 0 10 0
0.62 0.0228488 -0.000123625 351 1 111399 88     1011 44241.339 0 0 2 97395 97268 0 0 0 0 -2 -2 -2 -2 -2 -2 -2 -2 -2 -2 -2 -2 -2 -2 -2 -2 0 0 0 0 0 0 10 1
0.64 0.0235859 -0.00013173 352 1 111449 89     1011 0 0 0 1 97475 97237 0 0 0 0 -2 -2 -2 -2 -2 -2 -2 -2 -2 -2 -2 -2 -2 -2 -2 -2 0 0 0 0 0 0 11 0
0.66 0.0243229 -0.000140091 354 1 111588 89     1011 0 0 0 0 97588 97323 0 0 0 0 -2 -2 -2 -2 -2 -2 -2 -2 -2 -2 -2 -2 -2 -2 -2 -2 0 0 0 0 0 0 10 0
0.68 0.0250599 -0.00014871 355 1 111507 89     1011 0 0 0 1 97617 97125 0 0 0 0 -2 -2 -2 -2 -2 -2 -2 -2 -2 -2 -2 -2 -2 -2 -2 -2 0 0 0 0 0 0 11 0
0.7 0.0257969 -0.000157586 356 1 111299 88     1011 0 0 0 1 97438 96959 0 0 0 0 -2 -2 -2 -2 -2 -2 -2 -2 -2 -2 -2 -2 -2 -2 -2 -2 0 0 0 0 0 0 11 0
0.72 0.0265339 -0.00016672 358 1 111304 89     1011 40219.399 0 0 1 97327 97028 0 0 0 0 -2 -2 -2 -2 -2 -2 -2 -2 -2 -2 -2 -2 -2 -2 -2 -2 0 0 0 0 0 0 11 1
0.74 0.027271 -0.000176111 359 1 111468 88     1011 0 0 0 0 97538 97101 0 0 0 0 -2 -2 -2 -2 -2 -2 -2 -2 -2 -2 -2 -2 -2 -2 -2 -2 0 0 0 0 0 0 10 0
0.76 0.028008 -0.000185759 360 1 111537 89     1011 0 0 0 0 97601 97113 0 0 0 0 -2 -2 -2 -2 -2 -2 -2 -2 -2 -2 -2 -2 -2 -2 -2 -2 0 0 0 0 0 0 10 0
0.78 0.028745 -0.000195664 362 1 111445 88     1011 0 0 0 0 97408 97132 0 0 0 0 -2 -2 -2 -2 -2 -2 -2 -2 -2 -2 -2 -2 -2 -2 -2 -2 0 0 0 0 0 0 9 0
0.8 0.029482 -0.000205826 363 1 111415 89     1011 0 0 0 3 97378 97100 0 0 0 0 -2 -2 -2 -2 -2 -2 -2 -2 -2 -2 -2 -2 -2 -2 -2 -2 0 0 0 0 0 0 10 0
0.82 0.030219 -0.000216246 364 1 111425 89     1011 0 0 0 0 97364 97098 0 0 0 0 -2 -2 -2 -2 -2 -2 -2 -2 -2 -2 -2 -2 -2 -2 -2 -2 0 0 0 0 0 0 10 0
0.84 0.030956 -0.000226923 366 1 111307 88     1011 49157.044 0 0 1 97230 96994 0 0 0 0 -2 -2 -2 -2 -2 -2 -2 -2 -2 -2 -2 -2 -2 -2 -2 -2 0 0 0 0 0 0 9 1
0.86 0.031693 -0.000237857 367 1 111368 89     1011 0 0 0 0 97304 96948 0 0 0 0 -2 -2 -2 -2 -2 -2 -2 -2 -2 -2 -2 -2 -2 -2 -2 -2 0 0 0 0 0 0 9 0
0.88 0.0324299 -0.000249049 368 1 111473 89     1011 40219.399 0 0 1 97442 96929 0 0 0 0 -2 -2 -2 -2 -2 -2 -2 -2 -2 -2 -2 -2 -2 -2 -2 -2 0 0 0 0 0 0 11 1
0.9 0.0331669 -0.000260498 370 1 111458 89     1011 0 0 0 0 97425 96870 0 0 0 0 -2 -2 -2 -2 -2 -2 -2 -2 -2 -2 -2 -2 -2 -2 -2 -2 0 0 0 0 0 0 11 0
0.92 0.0339039 -0.000272204 371 1 111519 89     1011 0 0 0 0 97479 96904 0 0 0 0 -2 -2 -2 -2 -2 -2 -2 -2 -2 -2 -2 -2 -2 -2 -2 -2 0 0 0 0 0 0 9 0
0.94 0.0346409 -0.000284167 372 1 111384 89     1011 0 0 0 1 97285 96868 0 0 0 0 -2 -2 -2 -2 -2 -2 -2 -2 -2 -2 -2 -2 -2 -2 -2 -2 0 0 0 0 0 0 10 0
0.96 0.0353779 -0.000296388 374 1 111271 88     1011 44241.339 0 0 1 97187 96782 0 0 0 0 -2 -2 -2 -2 -2 -2 -2 -2 -2 -2 -2 -2 -2 -2 -2 -2 0 0 0 0 0 0 10 1
0.98 0.0361148 -0.000308866 375 1 111384 89     1011 0 0 0 0 97362 96734 0 0 0 0 -2 -2 -2 -2 -2 -2 -2 -2 -2 -2 -2 -2 -2 -2 -2 -2 0 0 0 0 0 0 10 0
1 0.0368518 -0.000321601 376 1 111386 89     1011 0 0 0 0 97329 96762 0 0 0 0 -2 -2 -2 -2 -2 -2 -2 -2 -2 -2 -2 -2 -2 -2 -2 -2 0 0 0 0 0 0 10 0
#C Fri Oct 28 11:23:10 2022.  do ../../macros/Capillary_Spinner.mac.
