#F ~/data/mr_roboto/Oct2022/2022Oct28_1212//scans/BL21Robot_0002-2022-10-28-1246
#E 1666986387
#D Fri Oct 28 12:46:27 2022
#C twoc  User = b_stone

#O0 tth  th  M0Vtran  M0Pitch  M0Yaw  Motor 3  M0Bend  diagnostic
#O1 M0Horzslt  M0Vertslt  Crystal  Analyzer  s12  s13  I0vert  vortex_x
#O2 vortex_y  vortex_z  Gonio_X  Gonio_Y  Gonio_Chi  Gonio_Theta  V0gap  V0tran
#O3 H0gap  H0tran  Top1Vert  Bttm1Vert  Left1Hor  Right1Hor  Top2Vert  Bttm2Vert
#O4 Left2Hor  Right2Hor  bsx  bsy  l3h  anzphi  Table_vert  Thor
#O5 Z-Stage  ALD Vertical  I0horz  s51  s52  s53  s54  s55
#O6 s56  s57  h1gap  h1tran  v1gap  v1tran  h2gap  h2tran
#O7 v2gap  v2tran  v3gap  v3tran  h3gap  h3tran  calcQ  Monochrom
#O8 tempset  cryomot  cth  ctth  kmotV  kmotI  
#o0 tth th m0vtran m0pitch m0yaw m3 m0bend diag
#o1 m0hsl m0vsl crystal anz s12 s13 i0vert vort_x
#o2 vort_y vort_z gonx gony gonchi gonthe v0gap v0tran
#o3 h0gap h0tran t1v b1v l1h r1h t2v b2v
#o4 l2h r2h bsx bsy l3h anzphi table thor
#o5 zstage ald i0horz s51 s52 s53 s54 s55
#o6 s56 s57 h1gap h1tran v1gap v1tran h2gap h2tran
#o7 v2gap v2tran v3gap v3tran h3gap h3tran _Q mono
#o8 tempset cryomot cth ctth kmotV kmotI 
#J0 Seconds  Monitor  Detector  I0  I2  Foils  Normalized  A34410
#J1 kpow  ch5  ch6  ch7  ICRxT  OCRxT  ROI1  ROI2
#J2 ROI3  ROI4  ROI5  ROI6  ROI7  TEMP  TTIMER  CTEMP
#J3 Timer  gkcnt1  gkcnt2  keith_I  keith_V  pd1  pd2  pd3
#J4 pd4  pd5  pd6  pd7  pd8  pd9  pd10  pd11
#J5 pd12  pd13  pd14  pd15  pd16  pd17  pd18  agdaq1
#J6 agdaq2  agdaq3  agdaq4  CTEMPB  
#j0 sec mon det i0 i2 fstat normlz A34410
#j1 kpow ch5 ch6 ch7 ICR OCR ROI1 ROI2
#j2 ROI3 ROI4 ROI5 ROI6 ROI7 TEMP tempsec CTEMP
#j3 timesec gkcnt1 gkcnt2 keith_I keith_V pd1 pd2 pd3
#j4 pd4 pd5 pd6 pd7 pd8 pd9 pd10 pd11
#j5 pd12 pd13 pd14 pd15 pd16 PD_MIN PD_MAX agdaq1
#j6 agdaq2 agdaq3 agdaq4 CTEMPB 


#S 1  ascan  gony -1.01384 1.98616  60 1
#D Fri Oct 28 12:47:10 2022
#T 1  (Seconds)
#G0 0
#G1 1.54 1.54 90 4.079990459 4.079990459 90 1 0 60 30 0
#G3 4.079990459 2.498273628e-16 0 4.079990459
#G4 1.493097943 -0.618461418 0 0.7293188287
#Q 1.4931 -0.618461
#P0 45 0 0.88031583 0.19204008 0.12165184 0 5.9707899 0
#P1 1.2247863 -12.737998 6.6784105 6.93222 0.3 71.45 -1.0735 -9.5
#P2 32.320295 -15.944882 -0.52273198 0.48615598 0.072410457 0.67112781 0.100076 0
#P3 3.0002479 -0.34340799 7.5 7.5 1 1 5.0125 4.9875
#P4 2 2 0 -4.0004999 1.5 -0.6741573 0.67831103 0
#P5 -26.685 101.60317 3.4003048 0 0 0 0 0
#P6 0 0 2 0 15 0 4 0
#P7 10 0.013 3.5 -1 1.5 -0.75 6.5937444 17000.006
#P8 0 -1 1 1 440 0 
#N 42
#L Gonio_Y  H  K  Epoch  Seconds  I0  I2  Foils  Normalized  A34410  kpow  ch5  ch6  ch7  TEMP  TTIMER  gkcnt1  gkcnt2  pd1  pd2  pd3  pd4  pd5  pd6  pd7  pd8  pd9  pd10  pd11  pd12  pd13  pd14  pd15  pd16  pd17  pd18  agdaq1  agdaq2  agdaq3  agdaq4  Monitor  Detector
-1.01346 1.4931 -0.618461 44 1 61974 61041     0000 0 0 0 0 105868 105529 0 0 0 0 -2 -2 -2 -2 -2 -2 -2 -2 -2 -2 -2 -2 -2 -2 -2 -2 0 0 0 0 0 0 58149 0
-0.96316797 1.4931 -0.618461 45 1 61936 61100     0000 0 0 0 0 105748 105557 0 0 0 0 -2 -2 -2 -2 -2 -2 -2 -2 -2 -2 -2 -2 -2 -2 -2 -2 0 0 0 0 0 0 57963 0
-0.91439997 1.4931 -0.618461 46 1 61991 61004     0000 0 0 0 1 105832 105504 0 0 0 0 -2 -2 -2 -2 -2 -2 -2 -2 -2 -2 -2 -2 -2 -2 -2 -2 0 0 0 0 0 0 57993 0
-0.86410797 1.4931 -0.618461 47 1 61934 61060     0000 1.7255958e-05 0 0 1 105779 105458 0 0 0 0 -2 -2 -2 -2 -2 -2 -2 -2 -2 -2 -2 -2 -2 -2 -2 -2 0 0 0 0 0 0 57951 1
-0.81381597 1.4931 -0.618461 49 1 61965 61110     0000 0 0 0 1 105895 105460 0 0 0 0 -2 -2 -2 -2 -2 -2 -2 -2 -2 -2 -2 -2 -2 -2 -2 -2 0 0 0 0 0 0 57985 0
-0.76352398 1.4931 -0.618461 50 1 62004 61160     0000 0 0 0 0 105971 105431 0 0 0 0 -2 -2 -2 -2 -2 -2 -2 -2 -2 -2 -2 -2 -2 -2 -2 -2 0 0 0 0 0 0 58015 0
-0.71323198 1.4931 -0.618461 51 1 62036 61128     0000 0 0 0 1 105948 105540 0 0 0 0 -2 -2 -2 -2 -2 -2 -2 -2 -2 -2 -2 -2 -2 -2 -2 -2 0 0 0 0 0 0 58045 0
-0.66446398 1.4931 -0.618461 52 1 62054 61116     0000 0 0 0 0 105816 105652 0 0 0 0 -2 -2 -2 -2 -2 -2 -2 -2 -2 -2 -2 -2 -2 -2 -2 -2 0 0 0 0 0 0 58061 0
-0.61417198 1.4931 -0.618461 53 1 62002 61082     0000 0 0 0 0 105729 105604 0 0 0 0 -2 -2 -2 -2 -2 -2 -2 -2 -2 -2 -2 -2 -2 -2 -2 -2 0 0 0 0 0 0 58017 0
-0.56387998 1.4931 -0.618461 54 1 61976 61002     0000 1.7240488e-05 0 0 2 105698 105498 0 0 0 0 -2 -2 -2 -2 -2 -2 -2 -2 -2 -2 -2 -2 -2 -2 -2 -2 0 0 0 0 0 0 58003 1
-0.51358798 1.4931 -0.618461 56 1 61915 60981     0000 0 0 0 1 105707 105375 0 0 0 0 -2 -2 -2 -2 -2 -2 -2 -2 -2 -2 -2 -2 -2 -2 -2 -2 0 0 0 0 0 0 57942 0
-0.46329599 1.4931 -0.618461 57 1 61899 60982     0000 0 0 0 1 105760 105297 0 0 0 0 -2 -2 -2 -2 -2 -2 -2 -2 -2 -2 -2 -2 -2 -2 -2 -2 0 0 0 0 0 0 57919 0
-0.41452799 1.4931 -0.618461 58 1 61914 61065     0000 1.7260723e-05 0 0 1 105850 105362 0 0 0 0 -2 -2 -2 -2 -2 -2 -2 -2 -2 -2 -2 -2 -2 -2 -2 -2 0 0 0 0 0 0 57935 1
-0.36423599 1.4931 -0.618461 59 1 61982 61155     0000 0 0 0 0 105942 105401 0 0 0 0 -2 -2 -2 -2 -2 -2 -2 -2 -2 -2 -2 -2 -2 -2 -2 -2 0 0 0 0 0 0 58007 0
-0.31394399 1.4931 -0.618461 60 1 62054 61163     0000 0 0 0 1 106064 105475 0 0 0 0 -2 -2 -2 -2 -2 -2 -2 -2 -2 -2 -2 -2 -2 -2 -2 -2 0 0 0 0 0 0 58086 0
-0.26365199 1.4931 -0.618461 61 1 62038 61051     0000 0 0 0 0 106077 105418 0 0 0 0 -2 -2 -2 -2 -2 -2 -2 -2 -2 -2 -2 -2 -2 -2 -2 -2 0 0 0 0 0 0 58064 0
-0.21335999 1.4931 -0.618461 63 1 62032 61188     0000 0 0 0 0 105874 105425 0 0 0 0 -2 -2 -2 -2 -2 -2 -2 -2 -2 -2 -2 -2 -2 -2 -2 -2 0 0 0 0 0 0 58051 0
-0.16459199 1.4931 -0.618461 64 1 62012 60985     0000 0 0 0 1 105820 105444 0 0 0 0 -2 -2 -2 -2 -2 -2 -2 -2 -2 -2 -2 -2 -2 -2 -2 -2 0 0 0 0 0 0 58024 0
-0.1143 1.4931 -0.618461 65 1 61962 61031     0000 0 0 0 0 105738 105350 0 0 0 0 -2 -2 -2 -2 -2 -2 -2 -2 -2 -2 -2 -2 -2 -2 -2 -2 0 0 0 0 0 0 57979 0
-0.064007998 1.4931 -0.618461 66 1 61928 61026     0000 0 0 0 2 105663 105308 0 0 0 0 -2 -2 -2 -2 -2 -2 -2 -2 -2 -2 -2 -2 -2 -2 -2 -2 0 0 0 0 0 0 57964 0
-0.013716 1.4931 -0.618461 67 1 61949 60973     0000 0 0 0 0 105676 105277 0 0 0 0 -2 -2 -2 -2 -2 -2 -2 -2 -2 -2 -2 -2 -2 -2 -2 -2 0 0 0 0 0 0 57987 0
0.036575999 1.4931 -0.618461 69 1 61944 60947     0000 0 0 0 2 105619 105294 0 0 0 0 -2 -2 -2 -2 -2 -2 -2 -2 -2 -2 -2 -2 -2 -2 -2 -2 0 0 0 0 0 0 57975 0
0.086867997 1.4931 -0.618461 70 1 61921 59800     0000 1.7258936e-05 0 0 2 105542 105282 0 0 0 0 -2 -2 -2 -2 -2 -2 -2 -2 -2 -2 -2 -2 -2 -2 -2 -2 0 0 0 0 0 0 57941 1
0.135636 1.4931 -0.618461 71 1 62011 55903     0000 0 0 0 0 105720 105353 0 0 0 0 -2 -2 -2 -2 -2 -2 -2 -2 -2 -2 -2 -2 -2 -2 -2 -2 0 0 0 0 0 0 58020 0
0.18592799 1.4931 -0.618461 72 1 62002 49205     0000 0 0 0 0 105744 105267 0 0 0 0 -2 -2 -2 -2 -2 -2 -2 -2 -2 -2 -2 -2 -2 -2 -2 -2 0 0 0 0 0 0 58023 0
0.23621999 1.4931 -0.618461 73 1 62035 43831     0000 0 0 0 0 105690 105324 0 0 0 0 -2 -2 -2 -2 -2 -2 -2 -2 -2 -2 -2 -2 -2 -2 -2 -2 0 0 0 0 0 0 58050 0
0.28651199 1.4931 -0.618461 74 1 62018 40793     0000 5.1694725e-05 0 0 4 105556 105355 0 0 0 0 -2 -2 -2 -2 -2 -2 -2 -2 -2 -2 -2 -2 -2 -2 -2 -2 0 0 0 0 0 0 58033 3
0.33680399 1.4931 -0.618461 76 1 61956 39056     0000 0 0 0 0 105477 105168 0 0 0 0 -2 -2 -2 -2 -2 -2 -2 -2 -2 -2 -2 -2 -2 -2 -2 -2 0 0 0 0 0 0 57978 0
0.38557199 1.4931 -0.618461 77 1 61916 38005     0000 0 0 0 2 105421 105128 0 0 0 0 -2 -2 -2 -2 -2 -2 -2 -2 -2 -2 -2 -2 -2 -2 -2 -2 0 0 0 0 0 0 57944 0
0.43586399 1.4931 -0.618461 78 1 61944 37408     0000 0 0 0 0 105431 105114 0 0 0 0 -2 -2 -2 -2 -2 -2 -2 -2 -2 -2 -2 -2 -2 -2 -2 -2 0 0 0 0 0 0 57976 0
0.48615598 1.4931 -0.618461 79 1 61961 37277     0000 0 0 0 0 105521 105076 0 0 0 0 -2 -2 -2 -2 -2 -2 -2 -2 -2 -2 -2 -2 -2 -2 -2 -2 0 0 0 0 0 0 57989 0
0.53644798 1.4931 -0.618461 80 1 61959 37511     0000 0 0 0 2 105522 105000 0 0 0 0 -2 -2 -2 -2 -2 -2 -2 -2 -2 -2 -2 -2 -2 -2 -2 -2 0 0 0 0 0 0 57992 0
0.58673998 1.4931 -0.618461 81 1 61949 38258     0000 0 0 0 3 105477 104949 0 0 0 0 -2 -2 -2 -2 -2 -2 -2 -2 -2 -2 -2 -2 -2 -2 -2 -2 0 0 0 0 0 0 57983 0
0.63550798 1.4931 -0.618461 83 1 61977 39479     0000 0 0 0 1 105335 105045 0 0 0 0 -2 -2 -2 -2 -2 -2 -2 -2 -2 -2 -2 -2 -2 -2 -2 -2 0 0 0 0 0 0 58005 0
0.68579998 1.4931 -0.618461 84 1 61958 41574     0000 0 0 0 1 105276 105031 0 0 0 0 -2 -2 -2 -2 -2 -2 -2 -2 -2 -2 -2 -2 -2 -2 -2 -2 0 0 0 0 0 0 57985 0
0.73609198 1.4931 -0.618461 85 1 61880 45132     0000 0 0 0 0 105153 104931 0 0 0 0 -2 -2 -2 -2 -2 -2 -2 -2 -2 -2 -2 -2 -2 -2 -2 -2 0 0 0 0 0 0 57917 0
0.78638397 1.4931 -0.618461 86 1 61934 51312     0000 0 0 0 0 105200 104934 0 0 0 0 -2 -2 -2 -2 -2 -2 -2 -2 -2 -2 -2 -2 -2 -2 -2 -2 0 0 0 0 0 0 57969 0
0.83667597 1.4931 -0.618461 87 1 61923 57616     0000 0 0 0 0 105033 105000 0 0 0 0 -2 -2 -2 -2 -2 -2 -2 -2 -2 -2 -2 -2 -2 -2 -2 -2 0 0 0 0 0 0 57966 0
0.88544397 1.4931 -0.618461 88 1 61864 60290     0000 0 0 0 0 104915 104864 0 0 0 0 -2 -2 -2 -2 -2 -2 -2 -2 -2 -2 -2 -2 -2 -2 -2 -2 0 0 0 0 0 0 57903 0
0.93573597 1.4931 -0.618461 90 1 61879 61027     0000 0 0 0 2 105084 104691 0 0 0 0 -2 -2 -2 -2 -2 -2 -2 -2 -2 -2 -2 -2 -2 -2 -2 -2 0 0 0 0 0 0 57903 0
0.98602797 1.4931 -0.618461 91 1 61946 61045     0000 0 0 0 0 105202 104790 0 0 0 0 -2 -2 -2 -2 -2 -2 -2 -2 -2 -2 -2 -2 -2 -2 -2 -2 0 0 0 0 0 0 57974 0
1.03632 1.4931 -0.618461 92 1 61951 61060     0000 0 0 0 0 105301 104722 0 0 0 0 -2 -2 -2 -2 -2 -2 -2 -2 -2 -2 -2 -2 -2 -2 -2 -2 0 0 0 0 0 0 57982 0
1.086612 1.4931 -0.618461 93 1 61968 61000     0000 1.724465e-05 0 0 3 105293 104747 0 0 0 0 -2 -2 -2 -2 -2 -2 -2 -2 -2 -2 -2 -2 -2 -2 -2 -2 0 0 0 0 0 0 57989 1
1.136904 1.4931 -0.618461 94 1 61984 61064     0000 0 0 0 2 105260 104717 0 0 0 0 -2 -2 -2 -2 -2 -2 -2 -2 -2 -2 -2 -2 -2 -2 -2 -2 0 0 0 0 0 0 58003 0
1.185672 1.4931 -0.618461 95 1 61935 61049     0000 0 0 0 2 105103 104687 0 0 0 0 -2 -2 -2 -2 -2 -2 -2 -2 -2 -2 -2 -2 -2 -2 -2 -2 0 0 0 0 0 0 57966 0
1.235964 1.4931 -0.618461 97 1 61954 60986     0000 1.7244352e-05 0 0 1 105002 104764 0 0 0 0 -2 -2 -2 -2 -2 -2 -2 -2 -2 -2 -2 -2 -2 -2 -2 -2 0 0 0 0 0 0 57990 1
1.286256 1.4931 -0.618461 98 1 61913 60964     0000 0 0 0 0 104992 104684 0 0 0 0 -2 -2 -2 -2 -2 -2 -2 -2 -2 -2 -2 -2 -2 -2 -2 -2 0 0 0 0 0 0 57946 0
1.336548 1.4931 -0.618461 99 1 61863 60919     0000 0 0 0 0 104895 104572 0 0 0 0 -2 -2 -2 -2 -2 -2 -2 -2 -2 -2 -2 -2 -2 -2 -2 -2 0 0 0 0 0 0 57895 0
1.38684 1.4931 -0.618461 100 1 61889 61045     0000 1.7262809e-05 0 0 1 104954 104626 0 0 0 0 -2 -2 -2 -2 -2 -2 -2 -2 -2 -2 -2 -2 -2 -2 -2 -2 0 0 0 0 0 0 57928 1
1.435608 1.4931 -0.618461 101 1 61907 60890     0000 0 0 0 2 104964 104650 0 0 0 0 -2 -2 -2 -2 -2 -2 -2 -2 -2 -2 -2 -2 -2 -2 -2 -2 0 0 0 0 0 0 57950 0
1.4859 1.4931 -0.618461 103 1 61849 60948     0000 0 0 0 1 104883 104551 0 0 0 0 -2 -2 -2 -2 -2 -2 -2 -2 -2 -2 -2 -2 -2 -2 -2 -2 0 0 0 0 0 0 57895 0
1.536192 1.4931 -0.618461 104 1 61829 60865     0000 0 0 0 0 104996 104415 0 0 0 0 -2 -2 -2 -2 -2 -2 -2 -2 -2 -2 -2 -2 -2 -2 -2 -2 0 0 0 0 0 0 57879 0
1.5864839 1.4931 -0.618461 105 1 61834 60997     0000 0 0 0 0 105105 104338 0 0 0 0 -2 -2 -2 -2 -2 -2 -2 -2 -2 -2 -2 -2 -2 -2 -2 -2 0 0 0 0 0 0 57880 0
1.6367759 1.4931 -0.618461 106 1 61854 60970     0000 0 0 0 1 105021 104535 0 0 0 0 -2 -2 -2 -2 -2 -2 -2 -2 -2 -2 -2 -2 -2 -2 -2 -2 0 0 0 0 0 0 57887 0
1.6855439 1.4931 -0.618461 107 1 61873 60920     0000 0 0 0 0 104946 104650 0 0 0 0 -2 -2 -2 -2 -2 -2 -2 -2 -2 -2 -2 -2 -2 -2 -2 -2 0 0 0 0 0 0 57913 0
1.7358359 1.4931 -0.618461 108 1 61821 61024     0000 0 0 0 0 104865 104684 0 0 0 0 -2 -2 -2 -2 -2 -2 -2 -2 -2 -2 -2 -2 -2 -2 -2 -2 0 0 0 0 0 0 57862 0
1.7861279 1.4931 -0.618461 110 1 61900 60960     0000 0 0 0 1 104957 104777 0 0 0 0 -2 -2 -2 -2 -2 -2 -2 -2 -2 -2 -2 -2 -2 -2 -2 -2 0 0 0 0 0 0 57939 0
1.8364199 1.4931 -0.618461 111 1 61873 61069     0000 0 0 0 0 104947 104810 0 0 0 0 -2 -2 -2 -2 -2 -2 -2 -2 -2 -2 -2 -2 -2 -2 -2 -2 0 0 0 0 0 0 57912 0
1.8867119 1.4931 -0.618461 112 1 61938 60979     0000 1.7247624e-05 0 0 1 105113 104814 0 0 0 0 -2 -2 -2 -2 -2 -2 -2 -2 -2 -2 -2 -2 -2 -2 -2 -2 0 0 0 0 0 0 57979 1
1.9354799 1.4931 -0.618461 113 1 61946 61056     0000 0 0 0 0 105084 104857 0 0 0 0 -2 -2 -2 -2 -2 -2 -2 -2 -2 -2 -2 -2 -2 -2 -2 -2 0 0 0 0 0 0 57977 0
1.9857719 1.4931 -0.618461 114 1 61897 60952     0000 0 0 0 1 105014 104800 0 0 0 0 -2 -2 -2 -2 -2 -2 -2 -2 -2 -2 -2 -2 -2 -2 -2 -2 0 0 0 0 0 0 57929 0

#S 2  ascan  tth 3 113.55  110 1
#D Fri Oct 28 12:48:35 2022
#T 1  (Seconds)
#G0 0
#G1 1.54 1.54 90 4.079990459 4.079990459 90 1 0 60 30 0
#G3 4.079990459 2.498273628e-16 0 4.079990459
#G4 1.493097943 -0.618461418 0 0.7293188287
#Q 1.4931 -0.618461
#P0 45 0 0.88031583 0.19204008 0.12165184 0 5.9707899 0
#P1 1.2247863 -12.737998 6.6784105 6.93222 0.3 71.45 -1.0735 -9.5
#P2 32.320295 -15.944882 -0.52273198 0.48615598 0.072410457 0.67112781 0.74980798 0
#P3 3.0002479 -0.34340799 7.5 7.5 1 1 5.0125 4.9875
#P4 2 2 0 0 1.5 -0.6741573 0.67831103 0
#P5 -26.685 101.60317 3.4003048 0 0 0 0 0
#P6 0 0 2 0 15 0 4 0
#P7 10 0.013 3.5 -1 1.5 -0.75 6.5937444 17000.006
#P8 0 -1 1 1 440 0 
#N 42
#L tth  H  K  Epoch  Seconds  I0  I2  Foils  Normalized  A34410  kpow  ch5  ch6  ch7  TEMP  TTIMER  gkcnt1  gkcnt2  pd1  pd2  pd3  pd4  pd5  pd6  pd7  pd8  pd9  pd10  pd11  pd12  pd13  pd14  pd15  pd16  pd17  pd18  agdaq1  agdaq2  agdaq3  agdaq4  Monitor  Detector
3 0.11051 -0.00289382 148 2 242408 188     0000 0 0 0 0 210434 209317 0 0 0 0 -2 -2 -2 -2 -2 -2 -2 -2 -2 -2 -2 -2 -2 -2 -2 -2 0 0 0 0 0 0 226903 0
4.005 0.147479 -0.00515651 151 2.0727276 251070 195     0000 8.5171984e-06 0 0 3 217566 217144 0 0 0 0 -2 -2 -2 -2 -2 -2 -2 -2 -2 -2 -2 -2 -2 -2 -2 -2 0 0 0 0 0 0 234819 2
5.01 0.184402 -0.00806727 154 2.1454548 259881 203     0000 0 0 0 2 225158 224684 0 0 0 0 -2 -2 -2 -2 -2 -2 -2 -2 -2 -2 -2 -2 -2 -2 -2 -2 0 0 0 0 0 0 243045 0
6.015 0.221268 -0.0116252 157 2.218182 268637 212     0000 0 0 0 2 232769 232140 0 0 0 0 -2 -2 -2 -2 -2 -2 -2 -2 -2 -2 -2 -2 -2 -2 -2 -2 0 0 0 0 0 0 251274 0
7.02 0.258066 -0.0158292 161 2.2909092 277519 221     0000 3.8517834e-06 0 0 2 240655 239680 0 0 0 0 -2 -2 -2 -2 -2 -2 -2 -2 -2 -2 -2 -2 -2 -2 -2 -2 0 0 0 0 0 0 259620 1
8.025 0.294785 -0.020678 164 2.3636364 286409 227     0000 0 0 0 1 248377 247710 0 0 0 0 -2 -2 -2 -2 -2 -2 -2 -2 -2 -2 -2 -2 -2 -2 -2 -2 0 0 0 0 0 0 267928 0
9.03 0.331413 -0.02617 167 2.436364 294920 235     0000 1.0875358e-05 0 0 3 255956 255307 0 0 0 0 -2 -2 -2 -2 -2 -2 -2 -2 -2 -2 -2 -2 -2 -2 -2 -2 0 0 0 0 0 0 275853 3
10.035 0.367939 -0.0323037 171 2.5090912 303762 239     0000 0 0 0 0 263931 262756 0 0 0 0 -2 -2 -2 -2 -2 -2 -2 -2 -2 -2 -2 -2 -2 -2 -2 -2 0 0 0 0 0 0 284091 0
11.04 0.404351 -0.0390771 174 2.5818184 312809 247     0000 3.4184178e-06 0 0 1 271939 270715 0 0 0 0 -2 -2 -2 -2 -2 -2 -2 -2 -2 -2 -2 -2 -2 -2 -2 -2 0 0 0 0 0 0 292533 1
12.045 0.44064 -0.0464881 178 2.6545456 321022 254     0000 3.3304691e-06 0 0 2 278924 278106 0 0 0 0 -2 -2 -2 -2 -2 -2 -2 -2 -2 -2 -2 -2 -2 -2 -2 -2 0 0 0 0 0 0 300258 1
13.05 0.476793 -0.0545344 182 2.7272728 330038 262     0000 3.2391602e-06 0 0 5 287017 285732 0 0 0 0 -2 -2 -2 -2 -2 -2 -2 -2 -2 -2 -2 -2 -2 -2 -2 -2 0 0 0 0 0 0 308722 1
14.055 0.512799 -0.0632136 185 2.8 338560 268     0000 3.157702e-06 0 0 3 294138 293649 0 0 0 0 -2 -2 -2 -2 -2 -2 -2 -2 -2 -2 -2 -2 -2 -2 -2 -2 0 0 0 0 0 0 316686 1
15.06 0.548647 -0.0725231 189 2.8727276 347852 277     0000 0 0 0 2 302572 301129 0 0 0 0 -2 -2 -2 -2 -2 -2 -2 -2 -2 -2 -2 -2 -2 -2 -2 -2 0 0 0 0 0 0 325364 0
16.065 0.584327 -0.0824598 193 2.9454548 356056 285     0000 6.0058617e-06 0 0 4 309696 308408 0 0 0 0 -2 -2 -2 -2 -2 -2 -2 -2 -2 -2 -2 -2 -2 -2 -2 -2 0 0 0 0 0 0 333008 2
17.07 0.619827 -0.0930209 197 3.018182 365377 294     0000 0 0 0 2 317850 316346 0 0 0 0 -2 -2 -2 -2 -2 -2 -2 -2 -2 -2 -2 -2 -2 -2 -2 -2 0 0 0 0 0 0 341745 0
18.075 0.655136 -0.104203 201 3.0909092 373989 300     0000 5.7183049e-06 0 0 6 325262 323776 0 0 0 0 -2 -2 -2 -2 -2 -2 -2 -2 -2 -2 -2 -2 -2 -2 -2 -2 0 0 0 0 0 0 349754 2
19.08 0.690243 -0.116003 205 3.1636364 382521 306     0000 2.7950059e-06 0 0 3 332381 331517 0 0 0 0 -2 -2 -2 -2 -2 -2 -2 -2 -2 -2 -2 -2 -2 -2 -2 -2 0 0 0 0 0 0 357781 1
20.085 0.725139 -0.128416 209 3.236364 391122 312     0000 0 0 0 1 339758 338991 0 0 0 0 -2 -2 -2 -2 -2 -2 -2 -2 -2 -2 -2 -2 -2 -2 -2 -2 0 0 0 0 0 0 365865 0
21.09 0.759811 -0.14144 213 3.3090912 399930 319     0000 2.6734751e-06 0 0 3 347300 346605 0 0 0 0 -2 -2 -2 -2 -2 -2 -2 -2 -2 -2 -2 -2 -2 -2 -2 -2 0 0 0 0 0 0 374045 1
22.095 0.794249 -0.15507 218 3.3818184 410005 326     0000 0 0 0 3 355990 355237 0 0 0 0 -2 -2 -2 -2 -2 -2 -2 -2 -2 -2 -2 -2 -2 -2 -2 -2 0 0 0 0 0 0 383492 0
23.1 0.828443 -0.169302 222 3.4545456 421597 332     0000 7.6073396e-06 0 0 5 366337 364782 0 0 0 0 -2 -2 -2 -2 -2 -2 -2 -2 -2 -2 -2 -2 -2 -2 -2 -2 0 0 0 0 0 0 394356 3
24.105 0.862382 -0.184131 227 3.5272728 431532 338     0000 4.9554259e-06 0 0 6 374466 374119 0 0 0 0 -2 -2 -2 -2 -2 -2 -2 -2 -2 -2 -2 -2 -2 -2 -2 -2 0 0 0 0 0 0 403598 2
25.11 0.896056 -0.199553 231 3.6 440220 346     0000 0 0 0 0 381992 381612 0 0 0 0 -2 -2 -2 -2 -2 -2 -2 -2 -2 -2 -2 -2 -2 -2 -2 -2 0 0 0 0 0 0 411776 0
26.115 0.929454 -0.215564 236 3.6727276 449101 350     0000 0 0 0 0 389962 389000 0 0 0 0 -2 -2 -2 -2 -2 -2 -2 -2 -2 -2 -2 -2 -2 -2 -2 -2 0 0 0 0 0 0 420014 0
27.12 0.962566 -0.232158 240 3.7454548 457967 358     0000 2.3349429e-06 0 0 2 397765 396927 0 0 0 0 -2 -2 -2 -2 -2 -2 -2 -2 -2 -2 -2 -2 -2 -2 -2 -2 0 0 0 0 0 0 428276 1
28.125 0.995382 -0.24933 245 3.818182 466303 366     0000 4.5861041e-06 0 0 3 405261 404030 0 0 0 0 -2 -2 -2 -2 -2 -2 -2 -2 -2 -2 -2 -2 -2 -2 -2 -2 0 0 0 0 0 0 436100 2
29.13 1.02789 -0.267075 250 3.8909092 475282 371     0000 2.2499972e-06 0 0 3 413030 411500 0 0 0 0 -2 -2 -2 -2 -2 -2 -2 -2 -2 -2 -2 -2 -2 -2 -2 -2 0 0 0 0 0 0 444445 1
30.135 1.06009 -0.285388 255 3.9636364 483948 376     0000 0 0 0 3 420091 418969 0 0 0 0 -2 -2 -2 -2 -2 -2 -2 -2 -2 -2 -2 -2 -2 -2 -2 -2 0 0 0 0 0 0 452640 0
31.14 1.09195 -0.304262 260 4.036364 493197 383     0000 4.3362032e-06 0 0 4 428080 426089 0 0 0 0 -2 -2 -2 -2 -2 -2 -2 -2 -2 -2 -2 -2 -2 -2 -2 -2 0 0 0 0 0 0 461233 2
32.145 1.12348 -0.323693 265 4.1090912 501759 389     0000 0 0 0 2 435104 433767 0 0 0 0 -2 -2 -2 -2 -2 -2 -2 -2 -2 -2 -2 -2 -2 -2 -2 -2 0 0 0 0 0 0 469236 0
33.15 1.15467 -0.343674 270 4.1818184 510734 398     0000 2.0936314e-06 0 0 5 442919 441604 0 0 0 0 -2 -2 -2 -2 -2 -2 -2 -2 -2 -2 -2 -2 -2 -2 -2 -2 0 0 0 0 0 0 477639 1
34.155 1.1855 -0.364198 275 4.2545456 519446 406     0000 2.0586043e-06 0 0 6 450762 449244 0 0 0 0 -2 -2 -2 -2 -2 -2 -2 -2 -2 -2 -2 -2 -2 -2 -2 -2 0 0 0 0 0 0 485766 1
35.16 1.21597 -0.38526 281 4.3272728 527833 412     0000 4.0513632e-06 0 0 3 458118 457042 0 0 0 0 -2 -2 -2 -2 -2 -2 -2 -2 -2 -2 -2 -2 -2 -2 -2 -2 0 0 0 0 0 0 493661 2
36.165 1.24606 -0.406853 286 4.4 536429 421     0000 0 0 0 4 466350 464225 0 0 0 0 -2 -2 -2 -2 -2 -2 -2 -2 -2 -2 -2 -2 -2 -2 -2 -2 0 0 0 0 0 0 501718 0
37.17 1.27577 -0.428971 291 4.4727276 545663 429     0000 1.9596239e-06 0 0 3 474362 472797 0 0 0 0 -2 -2 -2 -2 -2 -2 -2 -2 -2 -2 -2 -2 -2 -2 -2 -2 0 0 0 0 0 0 510302 1
38.175 1.30508 -0.451606 297 4.5454548 554072 435     0000 1.9297345e-06 0 0 3 481740 480697 0 0 0 0 -2 -2 -2 -2 -2 -2 -2 -2 -2 -2 -2 -2 -2 -2 -2 -2 0 0 0 0 0 0 518206 1
39.18 1.334 -0.474752 303 4.618182 562839 438     0000 0 0 0 2 489829 488110 0 0 0 0 -2 -2 -2 -2 -2 -2 -2 -2 -2 -2 -2 -2 -2 -2 -2 -2 0 0 0 0 0 0 526276 0
40.185 1.3625 -0.498402 308 4.6909092 572513 443     0000 3.7353086e-06 0 0 5 498176 496272 0 0 0 0 -2 -2 -2 -2 -2 -2 -2 -2 -2 -2 -2 -2 -2 -2 -2 -2 0 0 0 0 0 0 535431 2
41.19 1.39058 -0.522548 314 4.7636364 580680 448     0000 0 0 0 3 505391 503230 0 0 0 0 -2 -2 -2 -2 -2 -2 -2 -2 -2 -2 -2 -2 -2 -2 -2 -2 0 0 0 0 0 0 543057 0
42.195 1.41824 -0.547183 320 4.836364 589150 460     0000 0 0 0 5 512589 510557 0 0 0 0 -2 -2 -2 -2 -2 -2 -2 -2 -2 -2 -2 -2 -2 -2 -2 -2 0 0 0 0 0 0 551018 0
43.2 1.44546 -0.572299 325 4.9090912 598214 469     0000 3.574831e-06 0 0 5 520375 518049 0 0 0 0 -2 -2 -2 -2 -2 -2 -2 -2 -2 -2 -2 -2 -2 -2 -2 -2 0 0 0 0 0 0 559467 2
44.205 1.47224 -0.597889 331 4.9818184 607431 477     0000 1.7604766e-06 0 0 5 528332 525443 0 0 0 0 -2 -2 -2 -2 -2 -2 -2 -2 -2 -2 -2 -2 -2 -2 -2 -2 0 0 0 0 0 0 568028 1
45.21 1.49856 -0.623944 337 5.0545456 616791 486     0000 3.4673102e-06 0 0 6 536106 533566 0 0 0 0 -2 -2 -2 -2 -2 -2 -2 -2 -2 -2 -2 -2 -2 -2 -2 -2 0 0 0 0 0 0 576816 2
46.215 1.52442 -0.650457 343 5.1272728 625440 492     0000 0 0 0 2 542908 541730 0 0 0 0 -2 -2 -2 -2 -2 -2 -2 -2 -2 -2 -2 -2 -2 -2 -2 -2 0 0 0 0 0 0 584904 0
47.22 1.54981 -0.67742 350 5.2 633956 499     0000 0 0 0 1 549965 549037 0 0 0 0 -2 -2 -2 -2 -2 -2 -2 -2 -2 -2 -2 -2 -2 -2 -2 -2 0 0 0 0 0 0 592955 0
48.225 1.57473 -0.704823 356 5.2727276 643100 505     0000 3.3256732e-06 0 0 8 557334 556366 0 0 0 0 -2 -2 -2 -2 -2 -2 -2 -2 -2 -2 -2 -2 -2 -2 -2 -2 0 0 0 0 0 0 601382 2
49.23 1.59916 -0.73266 362 5.3454548 651160 510     0000 0 0 0 5 564474 562442 0 0 0 0 -2 -2 -2 -2 -2 -2 -2 -2 -2 -2 -2 -2 -2 -2 -2 -2 0 0 0 0 0 0 608926 0
50.235 1.6231 -0.760921 368 5.418182 660718 516     0000 0 0 0 6 573604 570187 0 0 0 0 -2 -2 -2 -2 -2 -2 -2 -2 -2 -2 -2 -2 -2 -2 -2 -2 0 0 0 0 0 0 617846 0
51.24 1.64654 -0.789597 375 5.4909092 668404 526     0000 1.5998695e-06 0 0 3 580307 577798 0 0 0 0 -2 -2 -2 -2 -2 -2 -2 -2 -2 -2 -2 -2 -2 -2 -2 -2 0 0 0 0 0 0 625051 1
52.245 1.66948 -0.818681 381 5.5636364 676223 531     0000 1.5812977e-06 0 0 4 587266 585137 0 0 0 0 -2 -2 -2 -2 -2 -2 -2 -2 -2 -2 -2 -2 -2 -2 -2 -2 0 0 0 0 0 0 632392 1
53.25 1.69189 -0.848161 388 5.636364 685486 540     0000 0 0 0 1 595286 593488 0 0 0 0 -2 -2 -2 -2 -2 -2 -2 -2 -2 -2 -2 -2 -2 -2 -2 -2 0 0 0 0 0 0 641040 0
54.255 1.71379 -0.878031 394 5.7090912 694626 541     0000 4.618447e-06 0 0 5 604122 602281 0 0 0 0 -2 -2 -2 -2 -2 -2 -2 -2 -2 -2 -2 -2 -2 -2 -2 -2 0 0 0 0 0 0 649569 3
55.26 1.73517 -0.90828 401 5.7818184 701875 550     0000 1.5236006e-06 0 0 3 611472 609350 0 0 0 0 -2 -2 -2 -2 -2 -2 -2 -2 -2 -2 -2 -2 -2 -2 -2 -2 0 0 0 0 0 0 656340 1
56.265 1.756 -0.9389 408 5.8545456 711619 559     0000 1.5028351e-06 0 0 7 620688 618363 0 0 0 0 -2 -2 -2 -2 -2 -2 -2 -2 -2 -2 -2 -2 -2 -2 -2 -2 0 0 0 0 0 0 665409 1
57.27 1.7763 -0.96988 415 5.9272728 719854 567     0000 1.4853566e-06 0 0 5 627750 626672 0 0 0 0 -2 -2 -2 -2 -2 -2 -2 -2 -2 -2 -2 -2 -2 -2 -2 -2 0 0 0 0 0 0 673239 1
58.275 1.79605 -1.00121 422 6 728991 567     0000 4.4004207e-06 0 0 9 636828 633786 0 0 0 0 -2 -2 -2 -2 -2 -2 -2 -2 -2 -2 -2 -2 -2 -2 -2 -2 0 0 0 0 0 0 681753 3
59.28 1.81525 -1.03288 429 6.0727276 738006 573     0000 1.4488596e-06 0 0 2 645119 642004 0 0 0 0 -2 -2 -2 -2 -2 -2 -2 -2 -2 -2 -2 -2 -2 -2 -2 -2 0 0 0 0 0 0 690198 1
60.285 1.83389 -1.06489 436 6.1454548 747003 583     0000 0 0 0 5 653753 649709 0 0 0 0 -2 -2 -2 -2 -2 -2 -2 -2 -2 -2 -2 -2 -2 -2 -2 -2 0 0 0 0 0 0 698582 0
61.29 1.85197 -1.09722 443 6.218182 755674 591     0000 1.4150576e-06 0 0 4 660837 659128 0 0 0 0 -2 -2 -2 -2 -2 -2 -2 -2 -2 -2 -2 -2 -2 -2 -2 -2 0 0 0 0 0 0 706685 1
62.295 1.86948 -1.12985 450 6.2909092 763555 599     0000 7.0017028e-06 0 0 6 668180 666246 0 0 0 0 -2 -2 -2 -2 -2 -2 -2 -2 -2 -2 -2 -2 -2 -2 -2 -2 0 0 0 0 0 0 714112 5
63.3 1.88641 -1.1628 458 6.3636364 772677 606     0000 1.3839394e-06 0 0 2 675762 674307 0 0 0 0 -2 -2 -2 -2 -2 -2 -2 -2 -2 -2 -2 -2 -2 -2 -2 -2 0 0 0 0 0 0 722575 1
64.305 1.90276 -1.19603 465 6.436364 781141 610     0000 0 0 0 7 682308 681181 0 0 0 0 -2 -2 -2 -2 -2 -2 -2 -2 -2 -2 -2 -2 -2 -2 -2 -2 0 0 0 0 0 0 730444 0
65.31 1.91852 -1.22954 473 6.5090912 789548 619     0000 4.0633724e-06 0 0 10 688818 687509 0 0 0 0 -2 -2 -2 -2 -2 -2 -2 -2 -2 -2 -2 -2 -2 -2 -2 -2 0 0 0 0 0 0 738303 3
66.315 1.9337 -1.26333 480 6.5818184 798269 626     0000 1.3397247e-06 0 0 8 695812 693203 0 0 0 0 -2 -2 -2 -2 -2 -2 -2 -2 -2 -2 -2 -2 -2 -2 -2 -2 0 0 0 0 0 0 746422 1
67.32 1.94828 -1.29738 488 6.6545456 806733 633     0000 0 0 0 5 701593 699335 0 0 0 0 -2 -2 -2 -2 -2 -2 -2 -2 -2 -2 -2 -2 -2 -2 -2 -2 0 0 0 0 0 0 754457 0
68.325 1.96226 -1.33167 496 6.7272728 816076 641     0000 2.6209263e-06 0 0 6 708097 706638 0 0 0 0 -2 -2 -2 -2 -2 -2 -2 -2 -2 -2 -2 -2 -2 -2 -2 -2 0 0 0 0 0 0 763089 2
69.33 1.97564 -1.36621 503 6.8 824394 642     0000 6.4851684e-06 0 0 10 715269 713136 0 0 0 0 -2 -2 -2 -2 -2 -2 -2 -2 -2 -2 -2 -2 -2 -2 -2 -2 0 0 0 0 0 0 770990 5
70.335 1.98841 -1.40098 511 6.8727276 832985 654     0000 2.5675984e-06 0 0 5 722981 720467 0 0 0 0 -2 -2 -2 -2 -2 -2 -2 -2 -2 -2 -2 -2 -2 -2 -2 -2 0 0 0 0 0 0 778938 2
71.34 2.00056 -1.43596 519 6.9454548 844263 657     0000 5.0665299e-06 0 0 8 732881 730082 0 0 0 0 -2 -2 -2 -2 -2 -2 -2 -2 -2 -2 -2 -2 -2 -2 -2 -2 0 0 0 0 0 0 789495 4
72.345 2.0121 -1.47116 527 7.018182 859683 663     0000 4.9759351e-06 0 0 8 744928 743361 0 0 0 0 -2 -2 -2 -2 -2 -2 -2 -2 -2 -2 -2 -2 -2 -2 -2 -2 0 0 0 0 0 0 803869 4
73.35 2.02303 -1.50655 535 7.0909092 868375 671     0000 0 0 0 3 752396 749527 0 0 0 0 -2 -2 -2 -2 -2 -2 -2 -2 -2 -2 -2 -2 -2 -2 -2 -2 0 0 0 0 0 0 812024 0
74.355 2.03333 -1.54212 544 7.1636364 877612 679     0000 1.2185092e-06 0 0 7 760100 756937 0 0 0 0 -2 -2 -2 -2 -2 -2 -2 -2 -2 -2 -2 -2 -2 -2 -2 -2 0 0 0 0 0 0 820675 1
75.36 2.043 -1.57787 552 7.236364 886633 684     0000 4.8242699e-06 0 0 5 767502 765016 0 0 0 0 -2 -2 -2 -2 -2 -2 -2 -2 -2 -2 -2 -2 -2 -2 -2 -2 0 0 0 0 0 0 829141 4
76.365 2.05205 -1.61379 560 7.3090912 895306 687     0000 1.1943807e-06 0 0 6 775216 772261 0 0 0 0 -2 -2 -2 -2 -2 -2 -2 -2 -2 -2 -2 -2 -2 -2 -2 -2 0 0 0 0 0 0 837254 1
77.37 2.06046 -1.64986 568 7.3818184 903691 693     0000 2.3668807e-06 0 0 9 782324 779114 0 0 0 0 -2 -2 -2 -2 -2 -2 -2 -2 -2 -2 -2 -2 -2 -2 -2 -2 0 0 0 0 0 0 844994 2
78.375 2.06825 -1.68607 577 7.4545456 912154 700     0000 3.5169205e-06 0 0 6 789268 786153 0 0 0 0 -2 -2 -2 -2 -2 -2 -2 -2 -2 -2 -2 -2 -2 -2 -2 -2 0 0 0 0 0 0 853019 3
79.38 2.07539 -1.72241 585 7.5272728 920368 711     0000 3.4859643e-06 0 0 8 796789 794330 0 0 0 0 -2 -2 -2 -2 -2 -2 -2 -2 -2 -2 -2 -2 -2 -2 -2 -2 0 0 0 0 0 0 860594 3
80.385 2.0819 -1.75887 594 7.6 929746 723     0000 0 0 0 5 807837 804269 0 0 0 0 -2 -2 -2 -2 -2 -2 -2 -2 -2 -2 -2 -2 -2 -2 -2 -2 0 0 0 0 0 0 869472 0
81.39 2.08776 -1.79544 603 7.6727276 937935 723     0000 3.4200779e-06 0 0 9 817160 813066 0 0 0 0 -2 -2 -2 -2 -2 -2 -2 -2 -2 -2 -2 -2 -2 -2 -2 -2 0 0 0 0 0 0 877173 3
82.395 2.09299 -1.83211 611 7.7454548 947548 728     0000 2.2571962e-06 0 0 4 826445 822005 0 0 0 0 -2 -2 -2 -2 -2 -2 -2 -2 -2 -2 -2 -2 -2 -2 -2 -2 0 0 0 0 0 0 886055 2
83.4 2.09757 -1.86886 620 7.818182 956351 736     0000 5.5907024e-06 0 0 11 832843 830259 0 0 0 0 -2 -2 -2 -2 -2 -2 -2 -2 -2 -2 -2 -2 -2 -2 -2 -2 0 0 0 0 0 0 894342 5
84.405 2.1015 -1.90569 629 7.8909092 964716 739     0000 4.4338623e-06 0 0 9 840870 836991 0 0 0 0 -2 -2 -2 -2 -2 -2 -2 -2 -2 -2 -2 -2 -2 -2 -2 -2 0 0 0 0 0 0 902148 4
85.41 2.10479 -1.94258 638 7.9636364 973102 740     0000 1.0989687e-06 0 0 4 848780 844790 0 0 0 0 -2 -2 -2 -2 -2 -2 -2 -2 -2 -2 -2 -2 -2 -2 -2 -2 0 0 0 0 0 0 909944 1
86.415 2.10743 -1.97953 647 8.036364 981772 754     0000 1.0891372e-06 0 0 8 856937 852982 0 0 0 0 -2 -2 -2 -2 -2 -2 -2 -2 -2 -2 -2 -2 -2 -2 -2 -2 0 0 0 0 0 0 918158 1
87.42 2.10942 -2.01651 656 8.1090912 990414 759     0000 2.1593865e-06 0 0 7 864443 860584 0 0 0 0 -2 -2 -2 -2 -2 -2 -2 -2 -2 -2 -2 -2 -2 -2 -2 -2 0 0 0 0 0 0 926189 2
88.425 2.11076 -2.05352 665 8.1818184 999165 768     0000 4.2809731e-06 0 0 11 870913 868104 0 0 0 0 -2 -2 -2 -2 -2 -2 -2 -2 -2 -2 -2 -2 -2 -2 -2 -2 0 0 0 0 0 0 934367 4
89.43 2.11145 -2.09055 674 8.2545456 1008581 774     0000 1.0604184e-06 0 0 10 879127 873046 0 0 0 0 -2 -2 -2 -2 -2 -2 -2 -2 -2 -2 -2 -2 -2 -2 -2 -2 0 0 0 0 0 0 943024 1
90.435 2.1115 -2.12759 684 8.3272728 1016038 776     0000 1.0525684e-06 0 0 7 883605 879033 0 0 0 0 -2 -2 -2 -2 -2 -2 -2 -2 -2 -2 -2 -2 -2 -2 -2 -2 0 0 0 0 0 0 950057 1
91.44 2.11089 -2.16462 693 8.4 1025591 781     0000 3.1279031e-06 0 0 10 890607 887800 0 0 0 0 -2 -2 -2 -2 -2 -2 -2 -2 -2 -2 -2 -2 -2 -2 -2 -2 0 0 0 0 0 0 959109 3
92.445 2.10964 -2.20164 703 8.4727276 1033408 791     0000 2.0694551e-06 0 0 7 897517 893766 0 0 0 0 -2 -2 -2 -2 -2 -2 -2 -2 -2 -2 -2 -2 -2 -2 -2 -2 0 0 0 0 0 0 966438 2
93.45 2.10773 -2.23863 712 8.5454548 1042075 802     0000 5.131326e-06 0 0 10 903073 901411 0 0 0 0 -2 -2 -2 -2 -2 -2 -2 -2 -2 -2 -2 -2 -2 -2 -2 -2 0 0 0 0 0 0 974407 5
94.455 2.10518 -2.27558 722 8.618182 1051157 806     0000 2.0345735e-06 0 0 7 910032 907793 0 0 0 0 -2 -2 -2 -2 -2 -2 -2 -2 -2 -2 -2 -2 -2 -2 -2 -2 0 0 0 0 0 0 983007 2
95.46 2.10198 -2.31248 731 8.6909092 1059095 821     0000 4.039176e-06 0 0 5 916674 914647 0 0 0 0 -2 -2 -2 -2 -2 -2 -2 -2 -2 -2 -2 -2 -2 -2 -2 -2 0 0 0 0 0 0 990301 4
96.465 2.09813 -2.34931 741 8.7636364 1066808 827     0000 5.0121394e-06 0 0 9 924212 921320 0 0 0 0 -2 -2 -2 -2 -2 -2 -2 -2 -2 -2 -2 -2 -2 -2 -2 -2 0 0 0 0 0 0 997578 5
97.47 2.09364 -2.38608 751 8.836364 1076403 831     0000 5.9606656e-06 0 0 9 933343 929353 0 0 0 0 -2 -2 -2 -2 -2 -2 -2 -2 -2 -2 -2 -2 -2 -2 -2 -2 0 0 0 0 0 0 1006599 6
98.475 2.0885 -2.42276 760 8.9090912 1084373 834     0000 4.9308352e-06 0 0 13 939505 936394 0 0 0 0 -2 -2 -2 -2 -2 -2 -2 -2 -2 -2 -2 -2 -2 -2 -2 -2 0 0 0 0 0 0 1014027 5
99.48 2.08272 -2.45934 770 8.9818184 1093216 843     0000 2.9347029e-06 0 0 9 946261 944252 0 0 0 0 -2 -2 -2 -2 -2 -2 -2 -2 -2 -2 -2 -2 -2 -2 -2 -2 0 0 0 0 0 0 1022250 3
100.485 2.0763 -2.49582 780 9.0545456 1101632 850     0000 6.7947378e-06 0 0 10 953585 951739 0 0 0 0 -2 -2 -2 -2 -2 -2 -2 -2 -2 -2 -2 -2 -2 -2 -2 -2 0 0 0 0 0 0 1030209 7
101.49 2.06924 -2.53218 790 9.1272728 1109935 859     0000 3.8536277e-06 0 0 8 961865 959131 0 0 0 0 -2 -2 -2 -2 -2 -2 -2 -2 -2 -2 -2 -2 -2 -2 -2 -2 0 0 0 0 0 0 1037983 4
102.495 2.06155 -2.5684 801 9.2 1118120 867     0000 9.5645637e-07 0 0 6 971319 967188 0 0 0 0 -2 -2 -2 -2 -2 -2 -2 -2 -2 -2 -2 -2 -2 -2 -2 -2 0 0 0 0 0 0 1045526 1
103.5 2.05322 -2.60449 811 9.2727276 1127088 873     0000 4.7437385e-06 0 0 11 979561 975682 0 0 0 0 -2 -2 -2 -2 -2 -2 -2 -2 -2 -2 -2 -2 -2 -2 -2 -2 0 0 0 0 0 0 1054021 5
104.505 2.04426 -2.64043 821 9.3454548 1139302 882     0000 4.6931171e-06 0 0 13 989224 986377 0 0 0 0 -2 -2 -2 -2 -2 -2 -2 -2 -2 -2 -2 -2 -2 -2 -2 -2 0 0 0 0 0 0 1065390 5
105.51 2.03466 -2.6762 831 9.418182 1157724 893     0000 9.236476e-07 0 0 5 1004596 999720 0 0 0 0 -2 -2 -2 -2 -2 -2 -2 -2 -2 -2 -2 -2 -2 -2 -2 -2 0 0 0 0 0 0 1082664 1
106.515 2.02445 -2.7118 842 9.4909092 1165896 905     0000 1.834228e-06 0 0 7 1010619 1006816 0 0 0 0 -2 -2 -2 -2 -2 -2 -2 -2 -2 -2 -2 -2 -2 -2 -2 -2 0 0 0 0 0 0 1090377 2
107.52 2.01361 -2.74722 852 9.5636364 1174058 917     0000 2.7325117e-06 0 0 11 1017220 1013858 0 0 0 0 -2 -2 -2 -2 -2 -2 -2 -2 -2 -2 -2 -2 -2 -2 -2 -2 0 0 0 0 0 0 1097891 3
108.525 2.00215 -2.78244 863 9.636364 1182061 919     0000 3.6188026e-06 0 0 10 1023528 1020879 0 0 0 0 -2 -2 -2 -2 -2 -2 -2 -2 -2 -2 -2 -2 -2 -2 -2 -2 0 0 0 0 0 0 1105338 4
109.53 1.99007 -2.81745 873 9.7090912 1191810 923     0000 2.6918915e-06 0 0 10 1031487 1028344 0 0 0 0 -2 -2 -2 -2 -2 -2 -2 -2 -2 -2 -2 -2 -2 -2 -2 -2 0 0 0 0 0 0 1114458 3
110.535 1.97739 -2.85225 884 9.7818184 1200095 927     0000 4.4555894e-06 0 0 7 1038873 1035461 0 0 0 0 -2 -2 -2 -2 -2 -2 -2 -2 -2 -2 -2 -2 -2 -2 -2 -2 0 0 0 0 0 0 1122186 5
111.54 1.96409 -2.88682 895 9.8545456 1207438 940     0000 1.7713019e-06 0 0 6 1045186 1041523 0 0 0 0 -2 -2 -2 -2 -2 -2 -2 -2 -2 -2 -2 -2 -2 -2 -2 -2 0 0 0 0 0 0 1129113 2
112.545 1.95019 -2.92115 906 9.9272728 1215999 950     0000 2.6382741e-06 0 0 9 1051355 1049928 0 0 0 0 -2 -2 -2 -2 -2 -2 -2 -2 -2 -2 -2 -2 -2 -2 -2 -2 0 0 0 0 0 0 1137107 3
113.55 1.93569 -2.95523 917 10 1225220 959     0000 4.3638814e-06 0 0 16 1060248 1057167 0 0 0 0 -2 -2 -2 -2 -2 -2 -2 -2 -2 -2 -2 -2 -2 -2 -2 -2 0 0 0 0 0 0 1145769 5
