#F ~/data/mr_roboto/Oct2022/2022Oct28_1212//scans/BL21Robot_0002-2022-10-28-1230
#E 1666985419
#D Fri Oct 28 12:30:19 2022
#C twoc  User = b_stone

#O0 tth  th  M0Vtran  M0Pitch  M0Yaw  Motor 3  M0Bend  diagnostic
#O1 M0Horzslt  M0Vertslt  Crystal  Analyzer  s12  s13  I0vert  vortex_x
#O2 vortex_y  vortex_z  Gonio_X  Gonio_Y  Gonio_Chi  Gonio_Theta  V0gap  V0tran
#O3 H0gap  H0tran  Top1Vert  Bttm1Vert  Left1Hor  Right1Hor  Top2Vert  Bttm2Vert
#O4 Left2Hor  Right2Hor  bsx  bsy  l3h  anzphi  Table_vert  Thor
#O5 Z-Stage  ALD Vertical  I0horz  s51  s52  s53  s54  s55
#O6 s56  s57  h1gap  h1tran  v1gap  v1tran  h2gap  h2tran
#O7 v2gap  v2tran  v3gap  v3tran  h3gap  h3tran  calcQ  Monochrom
#O8 tempset  cryomot  cth  ctth  kmotV  kmotI  
#o0 tth th m0vtran m0pitch m0yaw m3 m0bend diag
#o1 m0hsl m0vsl crystal anz s12 s13 i0vert vort_x
#o2 vort_y vort_z gonx gony gonchi gonthe v0gap v0tran
#o3 h0gap h0tran t1v b1v l1h r1h t2v b2v
#o4 l2h r2h bsx bsy l3h anzphi table thor
#o5 zstage ald i0horz s51 s52 s53 s54 s55
#o6 s56 s57 h1gap h1tran v1gap v1tran h2gap h2tran
#o7 v2gap v2tran v3gap v3tran h3gap h3tran _Q mono
#o8 tempset cryomot cth ctth kmotV kmotI 
#J0 Seconds  Monitor  Detector  I0  I2  Foils  Normalized  A34410
#J1 kpow  ch5  ch6  ch7  ICRxT  OCRxT  ROI1  ROI2
#J2 ROI3  ROI4  ROI5  ROI6  ROI7  TEMP  TTIMER  CTEMP
#J3 Timer  gkcnt1  gkcnt2  keith_I  keith_V  pd1  pd2  pd3
#J4 pd4  pd5  pd6  pd7  pd8  pd9  pd10  pd11
#J5 pd12  pd13  pd14  pd15  pd16  pd17  pd18  agdaq1
#J6 agdaq2  agdaq3  agdaq4  CTEMPB  
#j0 sec mon det i0 i2 fstat normlz A34410
#j1 kpow ch5 ch6 ch7 ICR OCR ROI1 ROI2
#j2 ROI3 ROI4 ROI5 ROI6 ROI7 TEMP tempsec CTEMP
#j3 timesec gkcnt1 gkcnt2 keith_I keith_V pd1 pd2 pd3
#j4 pd4 pd5 pd6 pd7 pd8 pd9 pd10 pd11
#j5 pd12 pd13 pd14 pd15 pd16 PD_MIN PD_MAX agdaq1
#j6 agdaq2 agdaq3 agdaq4 CTEMPB 


#S 1  ascan  gony -1.01384 1.98616  60 1
#D Fri Oct 28 12:31:02 2022
#T 1  (Seconds)
#G0 0
#G1 1.54 1.54 90 4.079990459 4.079990459 90 1 0 60 30 0
#G3 4.079990459 2.498273628e-16 0 4.079990459
#G4 1.493097943 -0.618461418 0 0.7293188287
#Q 1.4931 -0.618461
#P0 45 0 0.88031583 0.19204008 0.12165184 0 5.9707899 0
#P1 1.2247863 -12.737998 6.6784105 6.93222 0.3 71.45 -1.0735 -9.5
#P2 32.320295 -15.944882 -0.52273198 0.48615598 0.072410457 0.67112781 0.100076 0
#P3 3.0002479 -0.34340799 7.5 7.5 1 1 5.0125 4.9875
#P4 2 2 0 -4.0004999 1.5 -0.6741573 0.67831103 0
#P5 -26.685 101.60317 3.4003048 0 0 0 0 0
#P6 0 0 2 0 15 0 4 0
#P7 10 0.013 3.5 -1 1.5 -0.75 6.5937444 17000.006
#P8 0 -1 1 1 440 0 
#N 42
#L Gonio_Y  H  K  Epoch  Seconds  I0  I2  Foils  Normalized  A34410  kpow  ch5  ch6  ch7  TEMP  TTIMER  gkcnt1  gkcnt2  pd1  pd2  pd3  pd4  pd5  pd6  pd7  pd8  pd9  pd10  pd11  pd12  pd13  pd14  pd15  pd16  pd17  pd18  agdaq1  agdaq2  agdaq3  agdaq4  Monitor  Detector
-1.01346 1.4931 -0.618461 44 1 61705 60693     0000 0 0 0 1 106238 105882 0 0 0 0 -2 -2 -2 -2 -2 -2 -2 -2 -2 -2 -2 -2 -2 -2 -2 -2 0 0 0 0 0 0 57899 0
-0.96316797 1.4931 -0.618461 45 1 61688 60701     0000 0 0 0 1 106112 105909 0 0 0 0 -2 -2 -2 -2 -2 -2 -2 -2 -2 -2 -2 -2 -2 -2 -2 -2 0 0 0 0 0 0 57728 0
-0.91439997 1.4931 -0.618461 46 1 61622 60664     0000 0 0 0 0 106135 105736 0 0 0 0 -2 -2 -2 -2 -2 -2 -2 -2 -2 -2 -2 -2 -2 -2 -2 -2 0 0 0 0 0 0 57652 0
-0.86410797 1.4931 -0.618461 47 1 61598 60631     0000 0 0 0 1 106028 105693 0 0 0 0 -2 -2 -2 -2 -2 -2 -2 -2 -2 -2 -2 -2 -2 -2 -2 -2 0 0 0 0 0 0 57628 0
-0.81381597 1.4931 -0.618461 49 1 61576 60654     0000 0 0 0 1 105831 105710 0 0 0 0 -2 -2 -2 -2 -2 -2 -2 -2 -2 -2 -2 -2 -2 -2 -2 -2 0 0 0 0 0 0 57599 0
-0.76352398 1.4931 -0.618461 50 1 61554 60592     0000 0 0 0 0 105791 105752 0 0 0 0 -2 -2 -2 -2 -2 -2 -2 -2 -2 -2 -2 -2 -2 -2 -2 -2 0 0 0 0 0 0 57589 0
-0.71323198 1.4931 -0.618461 51 1 61543 60509     0000 0 0 0 0 105886 105714 0 0 0 0 -2 -2 -2 -2 -2 -2 -2 -2 -2 -2 -2 -2 -2 -2 -2 -2 0 0 0 0 0 0 57584 0
-0.66446398 1.4931 -0.618461 52 1 61478 60593     0000 0 0 0 2 105880 105514 0 0 0 0 -2 -2 -2 -2 -2 -2 -2 -2 -2 -2 -2 -2 -2 -2 -2 -2 0 0 0 0 0 0 57522 0
-0.61417198 1.4931 -0.618461 53 1 61546 60641     0000 1.7363824e-05 0 0 3 105903 105653 0 0 0 0 -2 -2 -2 -2 -2 -2 -2 -2 -2 -2 -2 -2 -2 -2 -2 -2 0 0 0 0 0 0 57591 1
-0.56387998 1.4931 -0.618461 54 1 61609 60738     0000 0 0 0 1 105986 105701 0 0 0 0 -2 -2 -2 -2 -2 -2 -2 -2 -2 -2 -2 -2 -2 -2 -2 -2 0 0 0 0 0 0 57643 0
-0.51358798 1.4931 -0.618461 56 1 61661 60660     0000 0 0 0 1 106065 105762 0 0 0 0 -2 -2 -2 -2 -2 -2 -2 -2 -2 -2 -2 -2 -2 -2 -2 -2 0 0 0 0 0 0 57682 0
-0.46329599 1.4931 -0.618461 57 1 61616 60570     0000 0 0 0 0 105955 105756 0 0 0 0 -2 -2 -2 -2 -2 -2 -2 -2 -2 -2 -2 -2 -2 -2 -2 -2 0 0 0 0 0 0 57642 0
-0.41452799 1.4931 -0.618461 58 1 61581 60745     0000 1.735629e-05 0 0 1 105950 105680 0 0 0 0 -2 -2 -2 -2 -2 -2 -2 -2 -2 -2 -2 -2 -2 -2 -2 -2 0 0 0 0 0 0 57616 1
-0.36423599 1.4931 -0.618461 59 1 61656 60720     0000 0 0 0 0 106072 105850 0 0 0 0 -2 -2 -2 -2 -2 -2 -2 -2 -2 -2 -2 -2 -2 -2 -2 -2 0 0 0 0 0 0 57685 0
-0.31394399 1.4931 -0.618461 60 1 61628 60707     0000 0 0 0 2 106091 105763 0 0 0 0 -2 -2 -2 -2 -2 -2 -2 -2 -2 -2 -2 -2 -2 -2 -2 -2 0 0 0 0 0 0 57683 0
-0.26365199 1.4931 -0.618461 61 1 61593 60575     0000 0 0 0 0 106048 105785 0 0 0 0 -2 -2 -2 -2 -2 -2 -2 -2 -2 -2 -2 -2 -2 -2 -2 -2 0 0 0 0 0 0 57639 0
-0.21335999 1.4931 -0.618461 63 1 61582 60632     0000 0 0 0 0 105912 105754 0 0 0 0 -2 -2 -2 -2 -2 -2 -2 -2 -2 -2 -2 -2 -2 -2 -2 -2 0 0 0 0 0 0 57623 0
-0.16459199 1.4931 -0.618461 64 1 61597 60656     0000 1.7352375e-05 0 0 2 105930 105759 0 0 0 0 -2 -2 -2 -2 -2 -2 -2 -2 -2 -2 -2 -2 -2 -2 -2 -2 0 0 0 0 0 0 57629 1
-0.1143 1.4931 -0.618461 65 1 61605 60567     0000 0 0 0 2 106080 105717 0 0 0 0 -2 -2 -2 -2 -2 -2 -2 -2 -2 -2 -2 -2 -2 -2 -2 -2 0 0 0 0 0 0 57643 0
-0.064007998 1.4931 -0.618461 66 1 61546 60626     0000 0 0 0 0 106117 105648 0 0 0 0 -2 -2 -2 -2 -2 -2 -2 -2 -2 -2 -2 -2 -2 -2 -2 -2 0 0 0 0 0 0 57589 0
-0.013716 1.4931 -0.618461 67 1 61569 60612     0000 0 0 0 0 106104 105755 0 0 0 0 -2 -2 -2 -2 -2 -2 -2 -2 -2 -2 -2 -2 -2 -2 -2 -2 0 0 0 0 0 0 57632 0
0.036575999 1.4931 -0.618461 68 1 61545 60570     0000 0 0 0 2 106123 105757 0 0 0 0 -2 -2 -2 -2 -2 -2 -2 -2 -2 -2 -2 -2 -2 -2 -2 -2 0 0 0 0 0 0 57612 0
0.086867997 1.4931 -0.618461 70 1 61512 59884     0000 0 0 0 0 106119 105760 0 0 0 0 -2 -2 -2 -2 -2 -2 -2 -2 -2 -2 -2 -2 -2 -2 -2 -2 0 0 0 0 0 0 57581 0
0.135636 1.4931 -0.618461 71 1 61520 58056     0000 0 0 0 1 106038 105717 0 0 0 0 -2 -2 -2 -2 -2 -2 -2 -2 -2 -2 -2 -2 -2 -2 -2 -2 0 0 0 0 0 0 57582 0
0.18592799 1.4931 -0.618461 72 1 61489 55210     0000 0 0 0 1 105904 105785 0 0 0 0 -2 -2 -2 -2 -2 -2 -2 -2 -2 -2 -2 -2 -2 -2 -2 -2 0 0 0 0 0 0 57551 0
0.23621999 1.4931 -0.618461 73 1 61555 52442     0000 0 0 0 0 106146 105816 0 0 0 0 -2 -2 -2 -2 -2 -2 -2 -2 -2 -2 -2 -2 -2 -2 -2 -2 0 0 0 0 0 0 57602 0
0.28651199 1.4931 -0.618461 74 1 61509 50592     0000 0 0 0 1 106236 105691 0 0 0 0 -2 -2 -2 -2 -2 -2 -2 -2 -2 -2 -2 -2 -2 -2 -2 -2 0 0 0 0 0 0 57581 0
0.33680399 1.4931 -0.618461 75 1 61546 49360     0000 0 0 0 1 106150 105739 0 0 0 0 -2 -2 -2 -2 -2 -2 -2 -2 -2 -2 -2 -2 -2 -2 -2 -2 0 0 0 0 0 0 57624 0
0.38557199 1.4931 -0.618461 77 1 61562 48502     0000 0 0 0 0 106186 105827 0 0 0 0 -2 -2 -2 -2 -2 -2 -2 -2 -2 -2 -2 -2 -2 -2 -2 -2 0 0 0 0 0 0 57643 0
0.43586399 1.4931 -0.618461 78 1 61528 48140     0000 0 0 0 0 106055 105742 0 0 0 0 -2 -2 -2 -2 -2 -2 -2 -2 -2 -2 -2 -2 -2 -2 -2 -2 0 0 0 0 0 0 57604 0
0.48615598 1.4931 -0.618461 79 1 61537 48163     0000 0 0 0 0 105968 105710 0 0 0 0 -2 -2 -2 -2 -2 -2 -2 -2 -2 -2 -2 -2 -2 -2 -2 -2 0 0 0 0 0 0 57606 0
0.53644798 1.4931 -0.618461 80 1 61555 48193     0000 0 0 0 1 106002 105683 0 0 0 0 -2 -2 -2 -2 -2 -2 -2 -2 -2 -2 -2 -2 -2 -2 -2 -2 0 0 0 0 0 0 57614 0
0.58673998 1.4931 -0.618461 81 1 61517 48489     0000 0 0 0 1 105980 105598 0 0 0 0 -2 -2 -2 -2 -2 -2 -2 -2 -2 -2 -2 -2 -2 -2 -2 -2 0 0 0 0 0 0 57563 0
0.63550798 1.4931 -0.618461 83 1 61446 49429     0000 0 0 0 0 105858 105479 0 0 0 0 -2 -2 -2 -2 -2 -2 -2 -2 -2 -2 -2 -2 -2 -2 -2 -2 0 0 0 0 0 0 57512 0
0.68579998 1.4931 -0.618461 84 1 61426 50973     0000 0 0 0 3 105843 105371 0 0 0 0 -2 -2 -2 -2 -2 -2 -2 -2 -2 -2 -2 -2 -2 -2 -2 -2 0 0 0 0 0 0 57488 0
0.73609198 1.4931 -0.618461 85 1 61437 53135     0000 0 0 0 0 105762 105392 0 0 0 0 -2 -2 -2 -2 -2 -2 -2 -2 -2 -2 -2 -2 -2 -2 -2 -2 0 0 0 0 0 0 57488 0
0.78638397 1.4931 -0.618461 86 1 61477 55872     0000 0 0 0 0 105735 105426 0 0 0 0 -2 -2 -2 -2 -2 -2 -2 -2 -2 -2 -2 -2 -2 -2 -2 -2 0 0 0 0 0 0 57536 0
0.83667597 1.4931 -0.618461 87 1 61483 58764     0000 0 0 0 0 105886 105301 0 0 0 0 -2 -2 -2 -2 -2 -2 -2 -2 -2 -2 -2 -2 -2 -2 -2 -2 0 0 0 0 0 0 57552 0
0.88544397 1.4931 -0.618461 88 1 61579 60338     0000 0 0 0 0 105932 105367 0 0 0 0 -2 -2 -2 -2 -2 -2 -2 -2 -2 -2 -2 -2 -2 -2 -2 -2 0 0 0 0 0 0 57637 0
0.93573597 1.4931 -0.618461 90 1 61547 60629     0000 0 0 0 1 105750 105382 0 0 0 0 -2 -2 -2 -2 -2 -2 -2 -2 -2 -2 -2 -2 -2 -2 -2 -2 0 0 0 0 0 0 57599 0
0.98602797 1.4931 -0.618461 91 1 61572 60538     0000 0 0 0 0 105714 105306 0 0 0 0 -2 -2 -2 -2 -2 -2 -2 -2 -2 -2 -2 -2 -2 -2 -2 -2 0 0 0 0 0 0 57612 0
1.03632 1.4931 -0.618461 92 1 61530 60611     0000 0 0 0 2 105714 105182 0 0 0 0 -2 -2 -2 -2 -2 -2 -2 -2 -2 -2 -2 -2 -2 -2 -2 -2 0 0 0 0 0 0 57580 0
1.086612 1.4931 -0.618461 93 1 61481 60432     0000 0 0 0 1 105725 105041 0 0 0 0 -2 -2 -2 -2 -2 -2 -2 -2 -2 -2 -2 -2 -2 -2 -2 -2 0 0 0 0 0 0 57541 0
1.136904 1.4931 -0.618461 94 1 61490 60655     0000 1.7380423e-05 0 0 2 105650 105107 0 0 0 0 -2 -2 -2 -2 -2 -2 -2 -2 -2 -2 -2 -2 -2 -2 -2 -2 0 0 0 0 0 0 57536 1
1.185672 1.4931 -0.618461 95 1 61560 60623     0000 0 0 0 2 105667 105284 0 0 0 0 -2 -2 -2 -2 -2 -2 -2 -2 -2 -2 -2 -2 -2 -2 -2 -2 0 0 0 0 0 0 57619 0
1.235964 1.4931 -0.618461 97 1 61557 60552     0000 0 0 0 1 105567 105276 0 0 0 0 -2 -2 -2 -2 -2 -2 -2 -2 -2 -2 -2 -2 -2 -2 -2 -2 0 0 0 0 0 0 57603 0
1.286256 1.4931 -0.618461 98 1 61524 60533     0000 1.7368348e-05 0 0 2 105520 105106 0 0 0 0 -2 -2 -2 -2 -2 -2 -2 -2 -2 -2 -2 -2 -2 -2 -2 -2 0 0 0 0 0 0 57576 1
1.336548 1.4931 -0.618461 99 1 61482 60511     0000 0 0 0 2 105365 105007 0 0 0 0 -2 -2 -2 -2 -2 -2 -2 -2 -2 -2 -2 -2 -2 -2 -2 -2 0 0 0 0 0 0 57546 0
1.38684 1.4931 -0.618461 100 1 61460 60618     0000 0 0 0 1 105385 105019 0 0 0 0 -2 -2 -2 -2 -2 -2 -2 -2 -2 -2 -2 -2 -2 -2 -2 -2 0 0 0 0 0 0 57528 0
1.435608 1.4931 -0.618461 101 1 61566 60660     0000 0 0 0 0 105668 105168 0 0 0 0 -2 -2 -2 -2 -2 -2 -2 -2 -2 -2 -2 -2 -2 -2 -2 -2 0 0 0 0 0 0 57647 0
1.4859 1.4931 -0.618461 102 1 61565 60512     0000 0 0 0 0 105591 105218 0 0 0 0 -2 -2 -2 -2 -2 -2 -2 -2 -2 -2 -2 -2 -2 -2 -2 -2 0 0 0 0 0 0 57634 0
1.536192 1.4931 -0.618461 104 1 61527 60472     0000 0 0 0 0 105403 105182 0 0 0 0 -2 -2 -2 -2 -2 -2 -2 -2 -2 -2 -2 -2 -2 -2 -2 -2 0 0 0 0 0 0 57592 0
1.5864839 1.4931 -0.618461 105 1 61465 60560     0000 3.4757221e-05 0 0 4 105323 105116 0 0 0 0 -2 -2 -2 -2 -2 -2 -2 -2 -2 -2 -2 -2 -2 -2 -2 -2 0 0 0 0 0 0 57542 2
1.6367759 1.4931 -0.618461 106 1 61548 60632     0000 0 0 0 1 105405 105214 0 0 0 0 -2 -2 -2 -2 -2 -2 -2 -2 -2 -2 -2 -2 -2 -2 -2 -2 0 0 0 0 0 0 57616 0
1.6855439 1.4931 -0.618461 107 1 61542 60567     0000 0 0 0 1 105413 105106 0 0 0 0 -2 -2 -2 -2 -2 -2 -2 -2 -2 -2 -2 -2 -2 -2 -2 -2 0 0 0 0 0 0 57617 0
1.7358359 1.4931 -0.618461 108 1 61520 60579     0000 0 0 0 1 105432 105110 0 0 0 0 -2 -2 -2 -2 -2 -2 -2 -2 -2 -2 -2 -2 -2 -2 -2 -2 0 0 0 0 0 0 57590 0
1.7861279 1.4931 -0.618461 109 1 61490 60555     0000 0 0 0 0 105367 105088 0 0 0 0 -2 -2 -2 -2 -2 -2 -2 -2 -2 -2 -2 -2 -2 -2 -2 -2 0 0 0 0 0 0 57556 0
1.8364199 1.4931 -0.618461 111 1 61481 60562     0000 0 0 0 0 105389 104997 0 0 0 0 -2 -2 -2 -2 -2 -2 -2 -2 -2 -2 -2 -2 -2 -2 -2 -2 0 0 0 0 0 0 57552 0
1.8867119 1.4931 -0.618461 112 1 61521 60631     0000 3.4726442e-05 0 0 2 105476 105146 0 0 0 0 -2 -2 -2 -2 -2 -2 -2 -2 -2 -2 -2 -2 -2 -2 -2 -2 0 0 0 0 0 0 57593 2
1.9354799 1.4931 -0.618461 113 1 61475 60384     0000 0 0 0 0 105297 105122 0 0 0 0 -2 -2 -2 -2 -2 -2 -2 -2 -2 -2 -2 -2 -2 -2 -2 -2 0 0 0 0 0 0 57539 0
1.9857719 1.4931 -0.618461 114 1 61443 60600     0000 1.7387676e-05 0 0 2 105341 105060 0 0 0 0 -2 -2 -2 -2 -2 -2 -2 -2 -2 -2 -2 -2 -2 -2 -2 -2 0 0 0 0 0 0 57512 1

#S 2  ascan  tth 3 113.55  110 1
#D Fri Oct 28 12:32:27 2022
#T 1  (Seconds)
#G0 0
#G1 1.54 1.54 90 4.079990459 4.079990459 90 1 0 60 30 0
#G3 4.079990459 2.498273628e-16 0 4.079990459
#G4 1.493097943 -0.618461418 0 0.7293188287
#Q 1.4931 -0.618461
#P0 45 0 0.88031583 0.19204008 0.12165184 0 5.9707899 0
#P1 1.2247863 -12.737998 6.6784105 6.93222 0.3 71.45 -1.0735 -9.5
#P2 32.320295 -15.944882 -0.52273198 0.48615598 0.072410457 0.67112781 0.74980798 0
#P3 3.0002479 -0.34340799 7.5 7.5 1 1 5.0125 4.9875
#P4 2 2 0 0 1.5 -0.6741573 0.67831103 0
#P5 -26.685 101.60317 3.4003048 0 0 0 0 0
#P6 0 0 2 0 15 0 4 0
#P7 10 0.013 3.5 -1 1.5 -0.75 6.5937444 17000.006
#P8 0 -1 1 1 440 0 
#N 42
#L tth  H  K  Epoch  Seconds  I0  I2  Foils  Normalized  A34410  kpow  ch5  ch6  ch7  TEMP  TTIMER  gkcnt1  gkcnt2  pd1  pd2  pd3  pd4  pd5  pd6  pd7  pd8  pd9  pd10  pd11  pd12  pd13  pd14  pd15  pd16  pd17  pd18  agdaq1  agdaq2  agdaq3  agdaq4  Monitor  Detector
3 0.11051 -0.00289382 148 2 241503 188     0000 8.8459956e-06 0 0 3 210780 209810 0 0 0 0 -2 -2 -2 -2 -2 -2 -2 -2 -2 -2 -2 -2 -2 -2 -2 -2 0 0 0 0 0 0 226091 2
4.005 0.147479 -0.00515651 151 2.0727276 250093 196     0000 4.2744907e-06 0 0 2 218129 217389 0 0 0 0 -2 -2 -2 -2 -2 -2 -2 -2 -2 -2 -2 -2 -2 -2 -2 -2 0 0 0 0 0 0 233946 1
5.01 0.184402 -0.00806727 154 2.1454548 258953 200     0000 0 0 0 1 225832 224882 0 0 0 0 -2 -2 -2 -2 -2 -2 -2 -2 -2 -2 -2 -2 -2 -2 -2 -2 0 0 0 0 0 0 242250 0
6.015 0.221268 -0.0116252 157 2.218182 267269 208     0000 4.000016e-06 0 0 3 232946 231997 0 0 0 0 -2 -2 -2 -2 -2 -2 -2 -2 -2 -2 -2 -2 -2 -2 -2 -2 0 0 0 0 0 0 249999 1
7.02 0.258066 -0.0158292 161 2.2909092 276268 218     0000 3.8695497e-06 0 0 0 240832 239320 0 0 0 0 -2 -2 -2 -2 -2 -2 -2 -2 -2 -2 -2 -2 -2 -2 -2 -2 0 0 0 0 0 0 258428 1
8.025 0.294785 -0.020678 164 2.3636364 285019 227     0000 0 0 0 2 248029 246994 0 0 0 0 -2 -2 -2 -2 -2 -2 -2 -2 -2 -2 -2 -2 -2 -2 -2 -2 0 0 0 0 0 0 266641 0
9.03 0.331413 -0.02617 167 2.436364 293838 234     0000 3.6380835e-06 0 0 6 255419 254582 0 0 0 0 -2 -2 -2 -2 -2 -2 -2 -2 -2 -2 -2 -2 -2 -2 -2 -2 0 0 0 0 0 0 274870 1
10.035 0.367939 -0.0323037 171 2.5090912 302631 238     0000 1.0596775e-05 0 0 6 262755 262165 0 0 0 0 -2 -2 -2 -2 -2 -2 -2 -2 -2 -2 -2 -2 -2 -2 -2 -2 0 0 0 0 0 0 283105 3
11.04 0.404351 -0.0390771 174 2.5818184 311441 249     0000 6.8652085e-06 0 0 2 270404 269532 0 0 0 0 -2 -2 -2 -2 -2 -2 -2 -2 -2 -2 -2 -2 -2 -2 -2 -2 0 0 0 0 0 0 291324 2
12.045 0.44064 -0.0464881 178 2.6545456 319735 256     0000 6.6869504e-06 0 0 5 277647 276516 0 0 0 0 -2 -2 -2 -2 -2 -2 -2 -2 -2 -2 -2 -2 -2 -2 -2 -2 0 0 0 0 0 0 299090 2
13.05 0.476793 -0.0545344 181 2.7272728 328491 262     0000 3.2543397e-06 0 0 2 285145 283943 0 0 0 0 -2 -2 -2 -2 -2 -2 -2 -2 -2 -2 -2 -2 -2 -2 -2 -2 0 0 0 0 0 0 307282 1
14.055 0.512799 -0.0632136 185 2.8 337513 267     0000 0 0 0 1 293087 291576 0 0 0 0 -2 -2 -2 -2 -2 -2 -2 -2 -2 -2 -2 -2 -2 -2 -2 -2 0 0 0 0 0 0 315690 0
15.06 0.548647 -0.0725231 189 2.8727276 346602 274     0000 6.1685368e-06 0 0 5 300863 299776 0 0 0 0 -2 -2 -2 -2 -2 -2 -2 -2 -2 -2 -2 -2 -2 -2 -2 -2 0 0 0 0 0 0 324226 2
16.065 0.584327 -0.0824598 193 2.9454548 354861 282     0000 3.0122115e-06 0 0 2 308077 307206 0 0 0 0 -2 -2 -2 -2 -2 -2 -2 -2 -2 -2 -2 -2 -2 -2 -2 -2 0 0 0 0 0 0 331982 1
17.07 0.619827 -0.0930209 197 3.018182 363964 288     0000 2.9369783e-06 0 0 2 316383 314928 0 0 0 0 -2 -2 -2 -2 -2 -2 -2 -2 -2 -2 -2 -2 -2 -2 -2 -2 0 0 0 0 0 0 340486 1
18.075 0.655136 -0.104203 201 3.0909092 372677 295     0000 2.8689054e-06 0 0 5 323786 322615 0 0 0 0 -2 -2 -2 -2 -2 -2 -2 -2 -2 -2 -2 -2 -2 -2 -2 -2 0 0 0 0 0 0 348565 1
19.08 0.690243 -0.116003 205 3.1636364 381420 301     0000 5.6047057e-06 0 0 2 331622 330148 0 0 0 0 -2 -2 -2 -2 -2 -2 -2 -2 -2 -2 -2 -2 -2 -2 -2 -2 0 0 0 0 0 0 356843 2
20.085 0.725139 -0.128416 209 3.236364 389823 307     0000 2.7423707e-06 0 0 1 338855 337860 0 0 0 0 -2 -2 -2 -2 -2 -2 -2 -2 -2 -2 -2 -2 -2 -2 -2 -2 0 0 0 0 0 0 364648 1
21.09 0.759811 -0.14144 213 3.3090912 398588 312     0000 2.682202e-06 0 0 1 346802 345587 0 0 0 0 -2 -2 -2 -2 -2 -2 -2 -2 -2 -2 -2 -2 -2 -2 -2 -2 0 0 0 0 0 0 372828 1
22.095 0.794249 -0.15507 218 3.3818184 407665 319     0000 1.5735187e-05 0 0 8 355279 353288 0 0 0 0 -2 -2 -2 -2 -2 -2 -2 -2 -2 -2 -2 -2 -2 -2 -2 -2 0 0 0 0 0 0 381311 6
23.1 0.828443 -0.169302 222 3.4545456 416514 326     0000 0 0 0 2 362825 361453 0 0 0 0 -2 -2 -2 -2 -2 -2 -2 -2 -2 -2 -2 -2 -2 -2 -2 -2 0 0 0 0 0 0 389566 0
24.105 0.862382 -0.184131 227 3.5272728 425083 332     0000 2.5149893e-06 0 0 2 370540 369063 0 0 0 0 -2 -2 -2 -2 -2 -2 -2 -2 -2 -2 -2 -2 -2 -2 -2 -2 0 0 0 0 0 0 397616 1
25.11 0.896056 -0.199553 231 3.6 433653 341     0000 2.4657203e-06 0 0 1 378126 376724 0 0 0 0 -2 -2 -2 -2 -2 -2 -2 -2 -2 -2 -2 -2 -2 -2 -2 -2 0 0 0 0 0 0 405561 1
26.115 0.929454 -0.215564 236 3.6727276 442221 348     0000 0 0 0 2 385831 384304 0 0 0 0 -2 -2 -2 -2 -2 -2 -2 -2 -2 -2 -2 -2 -2 -2 -2 -2 0 0 0 0 0 0 413636 0
27.12 0.962566 -0.232158 240 3.7454548 450880 356     0000 2.3710954e-06 0 0 4 393575 392342 0 0 0 0 -2 -2 -2 -2 -2 -2 -2 -2 -2 -2 -2 -2 -2 -2 -2 -2 0 0 0 0 0 0 421746 1
28.125 0.995382 -0.24933 245 3.818182 459609 364     0000 4.6517902e-06 0 0 4 401449 399967 0 0 0 0 -2 -2 -2 -2 -2 -2 -2 -2 -2 -2 -2 -2 -2 -2 -2 -2 0 0 0 0 0 0 429942 2
29.13 1.02789 -0.267075 250 3.8909092 467978 371     0000 6.8535868e-06 0 0 3 408452 407590 0 0 0 0 -2 -2 -2 -2 -2 -2 -2 -2 -2 -2 -2 -2 -2 -2 -2 -2 0 0 0 0 0 0 437727 3
30.135 1.06009 -0.285388 255 3.9636364 476796 379     0000 4.4844457e-06 0 0 6 416404 414925 0 0 0 0 -2 -2 -2 -2 -2 -2 -2 -2 -2 -2 -2 -2 -2 -2 -2 -2 0 0 0 0 0 0 445986 2
31.14 1.09195 -0.304262 260 4.036364 485436 383     0000 2.2024055e-06 0 0 1 423977 422466 0 0 0 0 -2 -2 -2 -2 -2 -2 -2 -2 -2 -2 -2 -2 -2 -2 -2 -2 0 0 0 0 0 0 454049 1
32.145 1.12348 -0.323693 265 4.1090912 494910 388     0000 0 0 0 4 431938 430629 0 0 0 0 -2 -2 -2 -2 -2 -2 -2 -2 -2 -2 -2 -2 -2 -2 -2 -2 0 0 0 0 0 0 462848 0
33.15 1.15467 -0.343674 270 4.1818184 503135 396     0000 2.1248611e-06 0 0 2 438969 437757 0 0 0 0 -2 -2 -2 -2 -2 -2 -2 -2 -2 -2 -2 -2 -2 -2 -2 -2 0 0 0 0 0 0 470619 1
34.155 1.1855 -0.364198 275 4.2545456 511165 405     0000 2.0917176e-06 0 0 6 446170 444549 0 0 0 0 -2 -2 -2 -2 -2 -2 -2 -2 -2 -2 -2 -2 -2 -2 -2 -2 0 0 0 0 0 0 478076 1
35.16 1.21597 -0.38526 280 4.3272728 520515 412     0000 0 0 0 4 454584 452713 0 0 0 0 -2 -2 -2 -2 -2 -2 -2 -2 -2 -2 -2 -2 -2 -2 -2 -2 0 0 0 0 0 0 486878 0
36.165 1.24606 -0.406853 286 4.4 531239 419     0000 4.0254651e-06 0 0 5 463811 462609 0 0 0 0 -2 -2 -2 -2 -2 -2 -2 -2 -2 -2 -2 -2 -2 -2 -2 -2 0 0 0 0 0 0 496837 2
37.17 1.27577 -0.428971 291 4.4727276 542755 426     0000 0 0 0 2 473805 473080 0 0 0 0 -2 -2 -2 -2 -2 -2 -2 -2 -2 -2 -2 -2 -2 -2 -2 -2 0 0 0 0 0 0 507653 0
38.175 1.30508 -0.451606 297 4.5454548 552838 435     0000 0 0 0 1 483132 481432 0 0 0 0 -2 -2 -2 -2 -2 -2 -2 -2 -2 -2 -2 -2 -2 -2 -2 -2 0 0 0 0 0 0 517047 0
39.18 1.334 -0.474752 302 4.618182 561191 444     0000 1.9050994e-06 0 0 2 490339 488666 0 0 0 0 -2 -2 -2 -2 -2 -2 -2 -2 -2 -2 -2 -2 -2 -2 -2 -2 0 0 0 0 0 0 524907 1
40.185 1.3625 -0.498402 308 4.6909092 570082 449     0000 0 0 0 2 497881 496430 0 0 0 0 -2 -2 -2 -2 -2 -2 -2 -2 -2 -2 -2 -2 -2 -2 -2 -2 0 0 0 0 0 0 533185 0
41.19 1.39058 -0.522548 314 4.7636364 578882 454     0000 3.6943038e-06 0 0 4 505739 503947 0 0 0 0 -2 -2 -2 -2 -2 -2 -2 -2 -2 -2 -2 -2 -2 -2 -2 -2 0 0 0 0 0 0 541374 2
42.195 1.41824 -0.547183 319 4.836364 587717 463     0000 0 0 0 3 513645 511658 0 0 0 0 -2 -2 -2 -2 -2 -2 -2 -2 -2 -2 -2 -2 -2 -2 -2 -2 0 0 0 0 0 0 549715 0
43.2 1.44546 -0.572299 325 4.9090912 596362 470     0000 0 0 0 4 521472 519550 0 0 0 0 -2 -2 -2 -2 -2 -2 -2 -2 -2 -2 -2 -2 -2 -2 -2 -2 0 0 0 0 0 0 557774 0
44.205 1.47224 -0.597889 331 4.9818184 604988 476     0000 0 0 0 3 529181 527639 0 0 0 0 -2 -2 -2 -2 -2 -2 -2 -2 -2 -2 -2 -2 -2 -2 -2 -2 0 0 0 0 0 0 565819 0
45.21 1.49856 -0.623944 337 5.0545456 613481 485     0000 1.7429407e-06 0 0 2 536886 534921 0 0 0 0 -2 -2 -2 -2 -2 -2 -2 -2 -2 -2 -2 -2 -2 -2 -2 -2 0 0 0 0 0 0 573743 1
46.215 1.52442 -0.650457 343 5.1272728 622632 494     0000 3.4344787e-06 0 0 6 544709 542852 0 0 0 0 -2 -2 -2 -2 -2 -2 -2 -2 -2 -2 -2 -2 -2 -2 -2 -2 0 0 0 0 0 0 582330 2
47.22 1.54981 -0.67742 349 5.2 631102 496     0000 1.6941256e-06 0 0 6 551432 550268 0 0 0 0 -2 -2 -2 -2 -2 -2 -2 -2 -2 -2 -2 -2 -2 -2 -2 -2 0 0 0 0 0 0 590275 1
48.225 1.57473 -0.704823 355 5.2727276 639050 500     0000 1.6730493e-06 0 0 7 558471 556123 0 0 0 0 -2 -2 -2 -2 -2 -2 -2 -2 -2 -2 -2 -2 -2 -2 -2 -2 0 0 0 0 0 0 597711 1
49.23 1.59916 -0.73266 362 5.3454548 648976 510     0000 0 0 0 4 566604 564577 0 0 0 0 -2 -2 -2 -2 -2 -2 -2 -2 -2 -2 -2 -2 -2 -2 -2 -2 0 0 0 0 0 0 606967 0
50.235 1.6231 -0.760921 368 5.418182 657358 517     0000 1.6262781e-06 0 0 4 573331 572095 0 0 0 0 -2 -2 -2 -2 -2 -2 -2 -2 -2 -2 -2 -2 -2 -2 -2 -2 0 0 0 0 0 0 614901 1
51.24 1.64654 -0.789597 374 5.4909092 665505 524     0000 0 0 0 8 580801 578595 0 0 0 0 -2 -2 -2 -2 -2 -2 -2 -2 -2 -2 -2 -2 -2 -2 -2 -2 0 0 0 0 0 0 622460 0
52.245 1.66948 -0.818681 381 5.5636364 674050 530     0000 1.5861711e-06 0 0 1 588243 587003 0 0 0 0 -2 -2 -2 -2 -2 -2 -2 -2 -2 -2 -2 -2 -2 -2 -2 -2 0 0 0 0 0 0 630449 1
53.25 1.69189 -0.848161 387 5.636364 682554 537     0000 0 0 0 0 596344 594953 0 0 0 0 -2 -2 -2 -2 -2 -2 -2 -2 -2 -2 -2 -2 -2 -2 -2 -2 0 0 0 0 0 0 638399 0
54.255 1.71379 -0.878031 394 5.7090912 691477 534     0000 0 0 0 1 604703 603194 0 0 0 0 -2 -2 -2 -2 -2 -2 -2 -2 -2 -2 -2 -2 -2 -2 -2 -2 0 0 0 0 0 0 646747 0
55.26 1.73517 -0.90828 401 5.7818184 700684 548     0000 0 0 0 0 613078 611452 0 0 0 0 -2 -2 -2 -2 -2 -2 -2 -2 -2 -2 -2 -2 -2 -2 -2 -2 0 0 0 0 0 0 655330 0
56.265 1.756 -0.9389 408 5.8545456 709228 554     0000 3.0151223e-06 0 0 7 621038 618883 0 0 0 0 -2 -2 -2 -2 -2 -2 -2 -2 -2 -2 -2 -2 -2 -2 -2 -2 0 0 0 0 0 0 663323 2
57.27 1.7763 -0.96988 414 5.9272728 717703 564     0000 1.4896825e-06 0 0 4 629084 626397 0 0 0 0 -2 -2 -2 -2 -2 -2 -2 -2 -2 -2 -2 -2 -2 -2 -2 -2 0 0 0 0 0 0 671284 1
58.275 1.79605 -1.00121 421 6 726696 566     0000 0 0 0 3 636588 634770 0 0 0 0 -2 -2 -2 -2 -2 -2 -2 -2 -2 -2 -2 -2 -2 -2 -2 -2 0 0 0 0 0 0 679647 0
59.28 1.81525 -1.03288 428 6.0727276 734595 570     0000 2.9109878e-06 0 0 5 643491 641401 0 0 0 0 -2 -2 -2 -2 -2 -2 -2 -2 -2 -2 -2 -2 -2 -2 -2 -2 0 0 0 0 0 0 687052 2
60.285 1.83389 -1.06489 435 6.1454548 744091 578     0000 2.8737821e-06 0 0 9 651556 649506 0 0 0 0 -2 -2 -2 -2 -2 -2 -2 -2 -2 -2 -2 -2 -2 -2 -2 -2 0 0 0 0 0 0 695947 2
61.29 1.85197 -1.09722 443 6.218182 752119 581     0000 0 0 0 3 658262 656372 0 0 0 0 -2 -2 -2 -2 -2 -2 -2 -2 -2 -2 -2 -2 -2 -2 -2 -2 0 0 0 0 0 0 703368 0
62.295 1.86948 -1.12985 450 6.2909092 761086 589     0000 1.4050647e-06 0 0 6 666214 664381 0 0 0 0 -2 -2 -2 -2 -2 -2 -2 -2 -2 -2 -2 -2 -2 -2 -2 -2 0 0 0 0 0 0 711711 1
63.3 1.88641 -1.1628 457 6.3636364 770875 595     0000 5.5483581e-06 0 0 10 674976 673381 0 0 0 0 -2 -2 -2 -2 -2 -2 -2 -2 -2 -2 -2 -2 -2 -2 -2 -2 0 0 0 0 0 0 720934 4
64.305 1.90276 -1.19603 464 6.436364 778232 604     0000 4.1223117e-06 0 0 6 680997 680176 0 0 0 0 -2 -2 -2 -2 -2 -2 -2 -2 -2 -2 -2 -2 -2 -2 -2 -2 0 0 0 0 0 0 727747 3
65.31 1.91852 -1.22954 472 6.5090912 786917 605     0000 1.3587935e-06 0 0 4 688614 687125 0 0 0 0 -2 -2 -2 -2 -2 -2 -2 -2 -2 -2 -2 -2 -2 -2 -2 -2 0 0 0 0 0 0 735947 1
66.315 1.9337 -1.26333 479 6.5818184 795900 612     0000 4.0306707e-06 0 0 5 696841 695044 0 0 0 0 -2 -2 -2 -2 -2 -2 -2 -2 -2 -2 -2 -2 -2 -2 -2 -2 0 0 0 0 0 0 744293 3
67.32 1.94828 -1.29738 487 6.6545456 804490 618     0000 7.9754569e-06 0 0 8 704581 702923 0 0 0 0 -2 -2 -2 -2 -2 -2 -2 -2 -2 -2 -2 -2 -2 -2 -2 -2 0 0 0 0 0 0 752308 6
68.325 1.96226 -1.33167 495 6.7272728 812636 625     0000 6.5785492e-06 0 0 7 712219 710165 0 0 0 0 -2 -2 -2 -2 -2 -2 -2 -2 -2 -2 -2 -2 -2 -2 -2 -2 0 0 0 0 0 0 760046 5
69.33 1.97564 -1.36621 503 6.8 821411 633     0000 1.3018053e-06 0 0 10 720806 717675 0 0 0 0 -2 -2 -2 -2 -2 -2 -2 -2 -2 -2 -2 -2 -2 -2 -2 -2 0 0 0 0 0 0 768164 1
70.335 1.98841 -1.40098 510 6.8727276 830118 641     0000 7.7281843e-06 0 0 10 728106 725135 0 0 0 0 -2 -2 -2 -2 -2 -2 -2 -2 -2 -2 -2 -2 -2 -2 -2 -2 0 0 0 0 0 0 776379 6
71.34 2.00056 -1.43596 518 6.9454548 838824 652     0000 2.5495213e-06 0 0 4 735522 732410 0 0 0 0 -2 -2 -2 -2 -2 -2 -2 -2 -2 -2 -2 -2 -2 -2 -2 -2 0 0 0 0 0 0 784461 2
72.345 2.0121 -1.47116 526 7.018182 846724 651     0000 2.5260882e-06 0 0 11 741941 740210 0 0 0 0 -2 -2 -2 -2 -2 -2 -2 -2 -2 -2 -2 -2 -2 -2 -2 -2 0 0 0 0 0 0 791738 2
73.35 2.02303 -1.50655 535 7.0909092 855557 656     0000 1.2498422e-06 0 0 8 750313 747105 0 0 0 0 -2 -2 -2 -2 -2 -2 -2 -2 -2 -2 -2 -2 -2 -2 -2 -2 0 0 0 0 0 0 800101 1
74.355 2.03333 -1.54212 543 7.1636364 863987 660     0000 2.4753639e-06 0 0 8 757015 754632 0 0 0 0 -2 -2 -2 -2 -2 -2 -2 -2 -2 -2 -2 -2 -2 -2 -2 -2 0 0 0 0 0 0 807962 2
75.36 2.043 -1.57787 551 7.236364 871890 669     0000 4.9055317e-06 0 0 12 763014 760908 0 0 0 0 -2 -2 -2 -2 -2 -2 -2 -2 -2 -2 -2 -2 -2 -2 -2 -2 0 0 0 0 0 0 815406 4
76.365 2.05205 -1.61379 559 7.3090912 881329 675     0000 8.4921054e-06 0 0 12 770639 768003 0 0 0 0 -2 -2 -2 -2 -2 -2 -2 -2 -2 -2 -2 -2 -2 -2 -2 -2 0 0 0 0 0 0 824295 7
77.37 2.06046 -1.64986 568 7.3818184 889445 684     0000 3.6066015e-06 0 0 5 776313 774347 0 0 0 0 -2 -2 -2 -2 -2 -2 -2 -2 -2 -2 -2 -2 -2 -2 -2 -2 0 0 0 0 0 0 831808 3
78.375 2.06825 -1.68607 576 7.4545456 897437 691     0000 1.1915798e-06 0 0 7 783020 779438 0 0 0 0 -2 -2 -2 -2 -2 -2 -2 -2 -2 -2 -2 -2 -2 -2 -2 -2 0 0 0 0 0 0 839222 1
79.38 2.07539 -1.72241 585 7.5272728 907467 697     0000 5.8919811e-06 0 0 13 790728 787302 0 0 0 0 -2 -2 -2 -2 -2 -2 -2 -2 -2 -2 -2 -2 -2 -2 -2 -2 0 0 0 0 0 0 848611 5
80.385 2.0819 -1.75887 593 7.6 923286 703     0000 5.7904416e-06 0 0 10 803182 800589 0 0 0 0 -2 -2 -2 -2 -2 -2 -2 -2 -2 -2 -2 -2 -2 -2 -2 -2 0 0 0 0 0 0 863492 5
81.39 2.08776 -1.79544 602 7.6727276 934052 712     0000 4.5790953e-06 0 0 8 812521 810038 0 0 0 0 -2 -2 -2 -2 -2 -2 -2 -2 -2 -2 -2 -2 -2 -2 -2 -2 0 0 0 0 0 0 873535 4
82.395 2.09299 -1.83211 611 7.7454548 942509 718     0000 4.5377249e-06 0 0 10 820754 817353 0 0 0 0 -2 -2 -2 -2 -2 -2 -2 -2 -2 -2 -2 -2 -2 -2 -2 -2 0 0 0 0 0 0 881499 4
83.4 2.09757 -1.86886 619 7.818182 950206 726     0000 2.2506428e-06 0 0 7 827931 824173 0 0 0 0 -2 -2 -2 -2 -2 -2 -2 -2 -2 -2 -2 -2 -2 -2 -2 -2 0 0 0 0 0 0 888635 2
84.405 2.1015 -1.90569 628 7.8909092 959699 730     0000 1.1141887e-06 0 0 4 835890 833338 0 0 0 0 -2 -2 -2 -2 -2 -2 -2 -2 -2 -2 -2 -2 -2 -2 -2 -2 0 0 0 0 0 0 897514 1
85.41 2.10479 -1.94258 637 7.9636364 967770 739     0000 4.4194646e-06 0 0 13 842546 840393 0 0 0 0 -2 -2 -2 -2 -2 -2 -2 -2 -2 -2 -2 -2 -2 -2 -2 -2 0 0 0 0 0 0 905087 4
86.415 2.10743 -1.97953 646 8.036364 977122 747     0000 5.4712018e-06 0 0 12 852166 847338 0 0 0 0 -2 -2 -2 -2 -2 -2 -2 -2 -2 -2 -2 -2 -2 -2 -2 -2 0 0 0 0 0 0 913876 5
87.42 2.10942 -2.01651 655 8.1090912 985779 756     0000 6.5083687e-06 0 0 11 859547 856744 0 0 0 0 -2 -2 -2 -2 -2 -2 -2 -2 -2 -2 -2 -2 -2 -2 -2 -2 0 0 0 0 0 0 921890 6
88.425 2.11076 -2.05352 665 8.1818184 994210 767     0000 3.2268127e-06 0 0 8 866794 864107 0 0 0 0 -2 -2 -2 -2 -2 -2 -2 -2 -2 -2 -2 -2 -2 -2 -2 -2 0 0 0 0 0 0 929710 3
89.43 2.11145 -2.09055 674 8.2545456 1003070 772     0000 4.2645105e-06 0 0 8 874201 871527 0 0 0 0 -2 -2 -2 -2 -2 -2 -2 -2 -2 -2 -2 -2 -2 -2 -2 -2 0 0 0 0 0 0 937974 4
90.435 2.1115 -2.12759 683 8.3272728 1011575 777     0000 4.2289154e-06 0 0 7 882412 878875 0 0 0 0 -2 -2 -2 -2 -2 -2 -2 -2 -2 -2 -2 -2 -2 -2 -2 -2 0 0 0 0 0 0 945869 4
91.44 2.11089 -2.16462 692 8.4 1019600 783     0000 3.146247e-06 0 0 11 891086 887040 0 0 0 0 -2 -2 -2 -2 -2 -2 -2 -2 -2 -2 -2 -2 -2 -2 -2 -2 0 0 0 0 0 0 953517 3
92.445 2.10964 -2.20164 702 8.4727276 1027833 786     0000 3.1211766e-06 0 0 8 900025 895573 0 0 0 0 -2 -2 -2 -2 -2 -2 -2 -2 -2 -2 -2 -2 -2 -2 -2 -2 0 0 0 0 0 0 961176 3
93.45 2.10773 -2.23863 711 8.5454548 1036596 794     0000 3.0947041e-06 0 0 12 908848 905368 0 0 0 0 -2 -2 -2 -2 -2 -2 -2 -2 -2 -2 -2 -2 -2 -2 -2 -2 0 0 0 0 0 0 969398 3
94.455 2.10518 -2.27558 721 8.618182 1045483 804     0000 7.159763e-06 0 0 11 915765 913974 0 0 0 0 -2 -2 -2 -2 -2 -2 -2 -2 -2 -2 -2 -2 -2 -2 -2 -2 0 0 0 0 0 0 977686 7
95.46 2.10198 -2.31248 731 8.6909092 1054026 814     0000 4.0587792e-06 0 0 8 923511 920737 0 0 0 0 -2 -2 -2 -2 -2 -2 -2 -2 -2 -2 -2 -2 -2 -2 -2 -2 0 0 0 0 0 0 985518 4
96.465 2.09813 -2.34931 740 8.7636364 1062155 816     0000 3.0203116e-06 0 0 6 930078 927328 0 0 0 0 -2 -2 -2 -2 -2 -2 -2 -2 -2 -2 -2 -2 -2 -2 -2 -2 0 0 0 0 0 0 993275 3
97.47 2.09364 -2.38608 750 8.836364 1070465 826     0000 4.9953843e-06 0 0 14 936737 933149 0 0 0 0 -2 -2 -2 -2 -2 -2 -2 -2 -2 -2 -2 -2 -2 -2 -2 -2 0 0 0 0 0 0 1000924 5
98.475 2.0885 -2.42276 760 8.9090912 1079826 833     0000 1.9806059e-06 0 0 5 943922 939809 0 0 0 0 -2 -2 -2 -2 -2 -2 -2 -2 -2 -2 -2 -2 -2 -2 -2 -2 0 0 0 0 0 0 1009792 2
99.48 2.08272 -2.45934 770 8.9818184 1087516 836     0000 6.8826576e-06 0 0 16 949050 945583 0 0 0 0 -2 -2 -2 -2 -2 -2 -2 -2 -2 -2 -2 -2 -2 -2 -2 -2 0 0 0 0 0 0 1017049 7
100.485 2.0763 -2.49582 780 9.0545456 1097173 845     0000 3.8986963e-06 0 0 11 955496 952401 0 0 0 0 -2 -2 -2 -2 -2 -2 -2 -2 -2 -2 -2 -2 -2 -2 -2 -2 0 0 0 0 0 0 1025984 4
101.49 2.06924 -2.53218 790 9.1272728 1104654 856     0000 4.8396948e-06 0 0 12 961193 956677 0 0 0 0 -2 -2 -2 -2 -2 -2 -2 -2 -2 -2 -2 -2 -2 -2 -2 -2 0 0 0 0 0 0 1033123 5
102.495 2.06155 -2.5684 800 9.2 1113746 870     0000 6.7211205e-06 0 0 14 968293 964688 0 0 0 0 -2 -2 -2 -2 -2 -2 -2 -2 -2 -2 -2 -2 -2 -2 -2 -2 0 0 0 0 0 0 1041493 7
103.5 2.05322 -2.60449 810 9.2727276 1121793 878     0000 5.7189426e-06 0 0 15 974818 973589 0 0 0 0 -2 -2 -2 -2 -2 -2 -2 -2 -2 -2 -2 -2 -2 -2 -2 -2 0 0 0 0 0 0 1049145 6
104.505 2.04426 -2.64043 821 9.3454548 1130332 890     0000 5.6766307e-06 0 0 15 984161 980143 0 0 0 0 -2 -2 -2 -2 -2 -2 -2 -2 -2 -2 -2 -2 -2 -2 -2 -2 0 0 0 0 0 0 1056965 6
105.51 2.03466 -2.6762 831 9.418182 1138285 902     0000 2.8182139e-06 0 0 8 992097 988113 0 0 0 0 -2 -2 -2 -2 -2 -2 -2 -2 -2 -2 -2 -2 -2 -2 -2 -2 0 0 0 0 0 0 1064504 3
106.515 2.02445 -2.7118 841 9.4909092 1146324 915     0000 2.7985701e-06 0 0 12 999915 996119 0 0 0 0 -2 -2 -2 -2 -2 -2 -2 -2 -2 -2 -2 -2 -2 -2 -2 -2 0 0 0 0 0 0 1071976 3
107.52 2.01361 -2.74722 852 9.5636364 1154991 917     0000 4.6291624e-06 0 0 10 1006567 1001981 0 0 0 0 -2 -2 -2 -2 -2 -2 -2 -2 -2 -2 -2 -2 -2 -2 -2 -2 0 0 0 0 0 0 1080109 5
108.525 2.00215 -2.78244 862 9.636364 1163140 919     0000 9.1943286e-07 0 0 5 1013306 1009406 0 0 0 0 -2 -2 -2 -2 -2 -2 -2 -2 -2 -2 -2 -2 -2 -2 -2 -2 0 0 0 0 0 0 1087627 1
109.53 1.99007 -2.81745 873 9.7090912 1171454 927     0000 1.8258404e-06 0 0 7 1020865 1017211 0 0 0 0 -2 -2 -2 -2 -2 -2 -2 -2 -2 -2 -2 -2 -2 -2 -2 -2 0 0 0 0 0 0 1095386 2
110.535 1.97739 -2.85225 884 9.7818184 1180573 936     0000 9.0583402e-07 0 0 7 1029408 1025515 0 0 0 0 -2 -2 -2 -2 -2 -2 -2 -2 -2 -2 -2 -2 -2 -2 -2 -2 0 0 0 0 0 0 1103955 1
111.54 1.96409 -2.88682 894 9.8545456 1199957 941     0000 1.7823406e-06 0 0 9 1045492 1043155 0 0 0 0 -2 -2 -2 -2 -2 -2 -2 -2 -2 -2 -2 -2 -2 -2 -2 -2 0 0 0 0 0 0 1122120 2
112.545 1.95019 -2.92115 905 9.9272728 1209636 946     0000 1.7681058e-06 0 0 8 1054826 1050606 0 0 0 0 -2 -2 -2 -2 -2 -2 -2 -2 -2 -2 -2 -2 -2 -2 -2 -2 0 0 0 0 0 0 1131154 2
113.55 1.93569 -2.95523 916 10 1218983 955     0000 2.6318237e-06 0 0 6 1062569 1057638 0 0 0 0 -2 -2 -2 -2 -2 -2 -2 -2 -2 -2 -2 -2 -2 -2 -2 -2 0 0 0 0 0 0 1139894 3
