#F ~/data/mr_roboto/Oct2022/2022Oct28_1212//scans/BL21Robot_0001-2022-10-28-1212
#E 1666984378
#D Fri Oct 28 12:12:58 2022
#C twoc  User = b_stone

#O0 tth  th  M0Vtran  M0Pitch  M0Yaw  Motor 3  M0Bend  diagnostic
#O1 M0Horzslt  M0Vertslt  Crystal  Analyzer  s12  s13  I0vert  vortex_x
#O2 vortex_y  vortex_z  Gonio_X  Gonio_Y  Gonio_Chi  Gonio_Theta  V0gap  V0tran
#O3 H0gap  H0tran  Top1Vert  Bttm1Vert  Left1Hor  Right1Hor  Top2Vert  Bttm2Vert
#O4 Left2Hor  Right2Hor  bsx  bsy  l3h  anzphi  Table_vert  Thor
#O5 Z-Stage  ALD Vertical  I0horz  s51  s52  s53  s54  s55
#O6 s56  s57  h1gap  h1tran  v1gap  v1tran  h2gap  h2tran
#O7 v2gap  v2tran  v3gap  v3tran  h3gap  h3tran  calcQ  Monochrom
#O8 tempset  cryomot  cth  ctth  kmotV  kmotI  
#o0 tth th m0vtran m0pitch m0yaw m3 m0bend diag
#o1 m0hsl m0vsl crystal anz s12 s13 i0vert vort_x
#o2 vort_y vort_z gonx gony gonchi gonthe v0gap v0tran
#o3 h0gap h0tran t1v b1v l1h r1h t2v b2v
#o4 l2h r2h bsx bsy l3h anzphi table thor
#o5 zstage ald i0horz s51 s52 s53 s54 s55
#o6 s56 s57 h1gap h1tran v1gap v1tran h2gap h2tran
#o7 v2gap v2tran v3gap v3tran h3gap h3tran _Q mono
#o8 tempset cryomot cth ctth kmotV kmotI 
#J0 Seconds  Monitor  Detector  I0  I2  Foils  Normalized  A34410
#J1 kpow  ch5  ch6  ch7  ICRxT  OCRxT  ROI1  ROI2
#J2 ROI3  ROI4  ROI5  ROI6  ROI7  TEMP  TTIMER  CTEMP
#J3 Timer  gkcnt1  gkcnt2  keith_I  keith_V  pd1  pd2  pd3
#J4 pd4  pd5  pd6  pd7  pd8  pd9  pd10  pd11
#J5 pd12  pd13  pd14  pd15  pd16  pd17  pd18  agdaq1
#J6 agdaq2  agdaq3  agdaq4  CTEMPB  
#j0 sec mon det i0 i2 fstat normlz A34410
#j1 kpow ch5 ch6 ch7 ICR OCR ROI1 ROI2
#j2 ROI3 ROI4 ROI5 ROI6 ROI7 TEMP tempsec CTEMP
#j3 timesec gkcnt1 gkcnt2 keith_I keith_V pd1 pd2 pd3
#j4 pd4 pd5 pd6 pd7 pd8 pd9 pd10 pd11
#j5 pd12 pd13 pd14 pd15 pd16 PD_MIN PD_MAX agdaq1
#j6 agdaq2 agdaq3 agdaq4 CTEMPB 


#S 1  ascan  gony -1.01384 1.98616  60 1
#D Fri Oct 28 12:13:40 2022
#T 1  (Seconds)
#G0 0
#G1 1.54 1.54 90 4.079990459 4.079990459 90 1 0 60 30 0
#G3 4.079990459 2.498273628e-16 0 4.079990459
#G4 1.493097943 -0.618461418 0 0.7293188287
#Q 1.4931 -0.618461
#P0 45 0 0.88031583 0.19204008 0.12165184 0 5.9707899 0
#P1 1.2247863 -12.737998 6.6784105 6.93222 0.3 71.45 -1.0735 -9.5
#P2 32.320295 -15.944882 -0.52273198 0.48615598 0.072410457 0.67112781 0.100076 0
#P3 3.0002479 -0.34340799 7.5 7.5 1 1 5.0125 4.9875
#P4 2 2 0 -4.0004999 1.5 -0.6741573 0.67831103 0
#P5 -26.685 101.60317 3.4003048 0 0 0 0 0
#P6 0 0 2 0 15 0 4 0
#P7 10 0.013 3.5 -1 1.5 -0.75 6.5937444 17000.006
#P8 0 -1 1 1 440 0 
#N 42
#L Gonio_Y  H  K  Epoch  Seconds  I0  I2  Foils  Normalized  A34410  kpow  ch5  ch6  ch7  TEMP  TTIMER  gkcnt1  gkcnt2  pd1  pd2  pd3  pd4  pd5  pd6  pd7  pd8  pd9  pd10  pd11  pd12  pd13  pd14  pd15  pd16  pd17  pd18  agdaq1  agdaq2  agdaq3  agdaq4  Monitor  Detector
-1.01346 1.4931 -0.618461 44 1 60538 59553     0000 0 0 0 1 104300 103853 0 0 0 0 -2 -2 -2 -2 -2 -2 -2 -2 -2 -2 -2 -2 -2 -2 -2 -2 0 0 0 0 0 0 56864 0
-0.96316797 1.4931 -0.618461 45 1 60518 59500     0000 0 0 0 2 104264 103848 0 0 0 0 -2 -2 -2 -2 -2 -2 -2 -2 -2 -2 -2 -2 -2 -2 -2 -2 0 0 0 0 0 0 56704 0
-0.91439997 1.4931 -0.618461 46 1 60510 59555     0000 0 0 0 0 104399 103751 0 0 0 0 -2 -2 -2 -2 -2 -2 -2 -2 -2 -2 -2 -2 -2 -2 -2 -2 0 0 0 0 0 0 56675 0
-0.86410797 1.4931 -0.618461 47 1 60590 59550     0000 0 0 0 0 104337 103914 0 0 0 0 -2 -2 -2 -2 -2 -2 -2 -2 -2 -2 -2 -2 -2 -2 -2 -2 0 0 0 0 0 0 56736 0
-0.81381597 1.4931 -0.618461 49 1 60500 59323     0000 0 0 0 1 104192 103805 0 0 0 0 -2 -2 -2 -2 -2 -2 -2 -2 -2 -2 -2 -2 -2 -2 -2 -2 0 0 0 0 0 0 56656 0
-0.76352398 1.4931 -0.618461 50 1 60402 59493     0000 0 0 0 1 104078 103571 0 0 0 0 -2 -2 -2 -2 -2 -2 -2 -2 -2 -2 -2 -2 -2 -2 -2 -2 0 0 0 0 0 0 56570 0
-0.71323198 1.4931 -0.618461 51 1 60449 59366     0000 0 0 0 0 104130 103655 0 0 0 0 -2 -2 -2 -2 -2 -2 -2 -2 -2 -2 -2 -2 -2 -2 -2 -2 0 0 0 0 0 0 56631 0
-0.66446398 1.4931 -0.618461 52 1 60385 59478     0000 0 0 0 1 104184 103461 0 0 0 0 -2 -2 -2 -2 -2 -2 -2 -2 -2 -2 -2 -2 -2 -2 -2 -2 0 0 0 0 0 0 56569 0
-0.61417198 1.4931 -0.618461 53 1 60469 59496     0000 0 0 0 1 104283 103638 0 0 0 0 -2 -2 -2 -2 -2 -2 -2 -2 -2 -2 -2 -2 -2 -2 -2 -2 0 0 0 0 0 0 56650 0
-0.56387998 1.4931 -0.618461 54 1 60490 59453     0000 0 0 0 0 104258 103635 0 0 0 0 -2 -2 -2 -2 -2 -2 -2 -2 -2 -2 -2 -2 -2 -2 -2 -2 0 0 0 0 0 0 56662 0
-0.51358798 1.4931 -0.618461 56 1 60492 59545     0000 0 0 0 1 104204 103730 0 0 0 0 -2 -2 -2 -2 -2 -2 -2 -2 -2 -2 -2 -2 -2 -2 -2 -2 0 0 0 0 0 0 56662 0
-0.46329599 1.4931 -0.618461 57 1 60499 59461     0000 0 0 0 0 104158 103749 0 0 0 0 -2 -2 -2 -2 -2 -2 -2 -2 -2 -2 -2 -2 -2 -2 -2 -2 0 0 0 0 0 0 56686 0
-0.41452799 1.4931 -0.618461 58 1 60454 59432     0000 0 0 0 0 104103 103687 0 0 0 0 -2 -2 -2 -2 -2 -2 -2 -2 -2 -2 -2 -2 -2 -2 -2 -2 0 0 0 0 0 0 56639 0
-0.36423599 1.4931 -0.618461 59 1 60428 59278     0000 0 0 0 1 104049 103658 0 0 0 0 -2 -2 -2 -2 -2 -2 -2 -2 -2 -2 -2 -2 -2 -2 -2 -2 0 0 0 0 0 0 56608 0
-0.31394399 1.4931 -0.618461 60 1 60357 59448     0000 0 0 0 0 104029 103560 0 0 0 0 -2 -2 -2 -2 -2 -2 -2 -2 -2 -2 -2 -2 -2 -2 -2 -2 0 0 0 0 0 0 56542 0
-0.26365199 1.4931 -0.618461 61 1 60413 59364     0000 0 0 0 1 103944 103691 0 0 0 0 -2 -2 -2 -2 -2 -2 -2 -2 -2 -2 -2 -2 -2 -2 -2 -2 0 0 0 0 0 0 56590 0
-0.21335999 1.4931 -0.618461 63 1 60364 59413     0000 0 0 0 1 103801 103578 0 0 0 0 -2 -2 -2 -2 -2 -2 -2 -2 -2 -2 -2 -2 -2 -2 -2 -2 0 0 0 0 0 0 56535 0
-0.16459199 1.4931 -0.618461 64 1 60371 59305     0000 0 0 0 3 103812 103601 0 0 0 0 -2 -2 -2 -2 -2 -2 -2 -2 -2 -2 -2 -2 -2 -2 -2 -2 0 0 0 0 0 0 56546 0
-0.1143 1.4931 -0.618461 65 1 60346 59369     0000 0 0 0 0 103739 103543 0 0 0 0 -2 -2 -2 -2 -2 -2 -2 -2 -2 -2 -2 -2 -2 -2 -2 -2 0 0 0 0 0 0 56532 0
-0.064007998 1.4931 -0.618461 66 1 60391 59361     0000 0 0 0 1 103903 103636 0 0 0 0 -2 -2 -2 -2 -2 -2 -2 -2 -2 -2 -2 -2 -2 -2 -2 -2 0 0 0 0 0 0 56584 0
-0.013716 1.4931 -0.618461 67 1 60382 58895     0000 0 0 0 1 103908 103580 0 0 0 0 -2 -2 -2 -2 -2 -2 -2 -2 -2 -2 -2 -2 -2 -2 -2 -2 0 0 0 0 0 0 56552 0
0.036575999 1.4931 -0.618461 69 1 60343 56985     0000 0 0 0 0 103729 103587 0 0 0 0 -2 -2 -2 -2 -2 -2 -2 -2 -2 -2 -2 -2 -2 -2 -2 -2 0 0 0 0 0 0 56528 0
0.086867997 1.4931 -0.618461 70 1 60400 52540     0000 0 0 0 2 103876 103615 0 0 0 0 -2 -2 -2 -2 -2 -2 -2 -2 -2 -2 -2 -2 -2 -2 -2 -2 0 0 0 0 0 0 56576 0
0.135636 1.4931 -0.618461 71 1 60372 46566     0000 3.5363805e-05 0 0 3 103908 103621 0 0 0 0 -2 -2 -2 -2 -2 -2 -2 -2 -2 -2 -2 -2 -2 -2 -2 -2 0 0 0 0 0 0 56555 2
0.18592799 1.4931 -0.618461 72 1 60394 41774     0000 0 0 0 0 103902 103624 0 0 0 0 -2 -2 -2 -2 -2 -2 -2 -2 -2 -2 -2 -2 -2 -2 -2 -2 0 0 0 0 0 0 56583 0
0.23621999 1.4931 -0.618461 73 1 60331 37109     0000 0 0 0 0 103811 103495 0 0 0 0 -2 -2 -2 -2 -2 -2 -2 -2 -2 -2 -2 -2 -2 -2 -2 -2 0 0 0 0 0 0 56522 0
0.28651199 1.4931 -0.618461 74 1 60262 30541     0000 1.7710713e-05 0 0 2 103643 103411 0 0 0 0 -2 -2 -2 -2 -2 -2 -2 -2 -2 -2 -2 -2 -2 -2 -2 -2 0 0 0 0 0 0 56463 1
0.33680399 1.4931 -0.618461 76 1 60221 23466     0000 0 0 0 1 103655 103274 0 0 0 0 -2 -2 -2 -2 -2 -2 -2 -2 -2 -2 -2 -2 -2 -2 -2 -2 0 0 0 0 0 0 56423 0
0.38557199 1.4931 -0.618461 77 1 60235 18150     0000 0 0 0 2 103628 103382 0 0 0 0 -2 -2 -2 -2 -2 -2 -2 -2 -2 -2 -2 -2 -2 -2 -2 -2 0 0 0 0 0 0 56445 0
0.43586399 1.4931 -0.618461 78 1 60297 15782     0000 0 0 0 0 103745 103374 0 0 0 0 -2 -2 -2 -2 -2 -2 -2 -2 -2 -2 -2 -2 -2 -2 -2 -2 0 0 0 0 0 0 56500 0
0.48615598 1.4931 -0.618461 79 1 60317 15457     0000 0 0 0 1 103795 103393 0 0 0 0 -2 -2 -2 -2 -2 -2 -2 -2 -2 -2 -2 -2 -2 -2 -2 -2 0 0 0 0 0 0 56524 0
0.53644798 1.4931 -0.618461 80 1 60349 16339     0000 0 0 0 2 103826 103382 0 0 0 0 -2 -2 -2 -2 -2 -2 -2 -2 -2 -2 -2 -2 -2 -2 -2 -2 0 0 0 0 0 0 56550 0
0.58673998 1.4931 -0.618461 81 1 60342 19225     0000 0 0 0 1 103848 103371 0 0 0 0 -2 -2 -2 -2 -2 -2 -2 -2 -2 -2 -2 -2 -2 -2 -2 -2 0 0 0 0 0 0 56527 0
0.63550798 1.4931 -0.618461 83 1 60361 24596     0000 0 0 0 0 103879 103356 0 0 0 0 -2 -2 -2 -2 -2 -2 -2 -2 -2 -2 -2 -2 -2 -2 -2 -2 0 0 0 0 0 0 56543 0
0.68579998 1.4931 -0.618461 84 1 60357 31512     0000 0 0 0 0 103933 103334 0 0 0 0 -2 -2 -2 -2 -2 -2 -2 -2 -2 -2 -2 -2 -2 -2 -2 -2 0 0 0 0 0 0 56566 0
0.73609198 1.4931 -0.618461 85 1 60372 36437     0000 0 0 0 0 103864 103471 0 0 0 0 -2 -2 -2 -2 -2 -2 -2 -2 -2 -2 -2 -2 -2 -2 -2 -2 0 0 0 0 0 0 56584 0
0.78638397 1.4931 -0.618461 86 1 60318 41857     0000 0 0 0 1 103762 103367 0 0 0 0 -2 -2 -2 -2 -2 -2 -2 -2 -2 -2 -2 -2 -2 -2 -2 -2 0 0 0 0 0 0 56511 0
0.83667597 1.4931 -0.618461 87 1 60289 48237     0000 0 0 0 0 103712 103367 0 0 0 0 -2 -2 -2 -2 -2 -2 -2 -2 -2 -2 -2 -2 -2 -2 -2 -2 0 0 0 0 0 0 56468 0
0.88544397 1.4931 -0.618461 88 1 60311 53917     0000 0 0 0 2 103680 103386 0 0 0 0 -2 -2 -2 -2 -2 -2 -2 -2 -2 -2 -2 -2 -2 -2 -2 -2 0 0 0 0 0 0 56497 0
0.93573597 1.4931 -0.618461 90 1 60321 58232     0000 0 0 0 0 103811 103355 0 0 0 0 -2 -2 -2 -2 -2 -2 -2 -2 -2 -2 -2 -2 -2 -2 -2 -2 0 0 0 0 0 0 56514 0
0.98602797 1.4931 -0.618461 91 1 60371 59255     0000 0 0 0 1 103937 103381 0 0 0 0 -2 -2 -2 -2 -2 -2 -2 -2 -2 -2 -2 -2 -2 -2 -2 -2 0 0 0 0 0 0 56559 0
1.03632 1.4931 -0.618461 92 1 60305 59281     0000 0 0 0 0 103829 103350 0 0 0 0 -2 -2 -2 -2 -2 -2 -2 -2 -2 -2 -2 -2 -2 -2 -2 -2 0 0 0 0 0 0 56494 0
1.086612 1.4931 -0.618461 93 1 60306 59314     0000 0 0 0 1 103861 103390 0 0 0 0 -2 -2 -2 -2 -2 -2 -2 -2 -2 -2 -2 -2 -2 -2 -2 -2 0 0 0 0 0 0 56503 0
1.136904 1.4931 -0.618461 94 1 60287 59225     0000 0 0 0 1 103859 103422 0 0 0 0 -2 -2 -2 -2 -2 -2 -2 -2 -2 -2 -2 -2 -2 -2 -2 -2 0 0 0 0 0 0 56496 0
1.185672 1.4931 -0.618461 95 1 60235 59208     0000 0 0 0 0 103801 103329 0 0 0 0 -2 -2 -2 -2 -2 -2 -2 -2 -2 -2 -2 -2 -2 -2 -2 -2 0 0 0 0 0 0 56438 0
1.235964 1.4931 -0.618461 97 1 60266 59322     0000 0 0 0 1 103916 103430 0 0 0 0 -2 -2 -2 -2 -2 -2 -2 -2 -2 -2 -2 -2 -2 -2 -2 -2 0 0 0 0 0 0 56475 0
1.286256 1.4931 -0.618461 98 1 60309 59354     0000 0 0 0 1 104005 103450 0 0 0 0 -2 -2 -2 -2 -2 -2 -2 -2 -2 -2 -2 -2 -2 -2 -2 -2 0 0 0 0 0 0 56514 0
1.336548 1.4931 -0.618461 99 1 60343 59334     0000 0 0 0 1 103976 103497 0 0 0 0 -2 -2 -2 -2 -2 -2 -2 -2 -2 -2 -2 -2 -2 -2 -2 -2 0 0 0 0 0 0 56545 0
1.38684 1.4931 -0.618461 100 1 60325 59282     0000 0 0 0 0 103922 103584 0 0 0 0 -2 -2 -2 -2 -2 -2 -2 -2 -2 -2 -2 -2 -2 -2 -2 -2 0 0 0 0 0 0 56525 0
1.435608 1.4931 -0.618461 101 1 60293 59324     0000 0 0 0 1 103805 103598 0 0 0 0 -2 -2 -2 -2 -2 -2 -2 -2 -2 -2 -2 -2 -2 -2 -2 -2 0 0 0 0 0 0 56505 0
1.4859 1.4931 -0.618461 102 1 60296 59297     0000 0 0 0 0 103890 103538 0 0 0 0 -2 -2 -2 -2 -2 -2 -2 -2 -2 -2 -2 -2 -2 -2 -2 -2 0 0 0 0 0 0 56498 0
1.536192 1.4931 -0.618461 104 1 60326 59308     0000 0 0 0 0 103908 103576 0 0 0 0 -2 -2 -2 -2 -2 -2 -2 -2 -2 -2 -2 -2 -2 -2 -2 -2 0 0 0 0 0 0 56518 0
1.5864839 1.4931 -0.618461 105 1 60319 59289     0000 0 0 0 1 103896 103643 0 0 0 0 -2 -2 -2 -2 -2 -2 -2 -2 -2 -2 -2 -2 -2 -2 -2 -2 0 0 0 0 0 0 56521 0
1.6367759 1.4931 -0.618461 106 1 60288 59161     0000 0 0 0 1 103808 103563 0 0 0 0 -2 -2 -2 -2 -2 -2 -2 -2 -2 -2 -2 -2 -2 -2 -2 -2 0 0 0 0 0 0 56492 0
1.6855439 1.4931 -0.618461 107 1 60207 59250     0000 0 0 0 0 103710 103472 0 0 0 0 -2 -2 -2 -2 -2 -2 -2 -2 -2 -2 -2 -2 -2 -2 -2 -2 0 0 0 0 0 0 56416 0
1.7358359 1.4931 -0.618461 108 1 60230 59258     0000 1.7715733e-05 0 0 1 103819 103430 0 0 0 0 -2 -2 -2 -2 -2 -2 -2 -2 -2 -2 -2 -2 -2 -2 -2 -2 0 0 0 0 0 0 56447 1
1.7861279 1.4931 -0.618461 110 1 60290 59257     0000 0 0 0 2 104012 103449 0 0 0 0 -2 -2 -2 -2 -2 -2 -2 -2 -2 -2 -2 -2 -2 -2 -2 -2 0 0 0 0 0 0 56484 0
1.8364199 1.4931 -0.618461 111 1 60257 59326     0000 0 0 0 0 103837 103418 0 0 0 0 -2 -2 -2 -2 -2 -2 -2 -2 -2 -2 -2 -2 -2 -2 -2 -2 0 0 0 0 0 0 56453 0
1.8867119 1.4931 -0.618461 112 1 60309 59312     0000 0 0 0 0 103841 103513 0 0 0 0 -2 -2 -2 -2 -2 -2 -2 -2 -2 -2 -2 -2 -2 -2 -2 -2 0 0 0 0 0 0 56498 0
1.9354799 1.4931 -0.618461 113 1 60272 59320     0000 0 0 0 0 103809 103430 0 0 0 0 -2 -2 -2 -2 -2 -2 -2 -2 -2 -2 -2 -2 -2 -2 -2 -2 0 0 0 0 0 0 56474 0
1.9857719 1.4931 -0.618461 114 1 60312 59302     0000 0 0 0 1 103932 103560 0 0 0 0 -2 -2 -2 -2 -2 -2 -2 -2 -2 -2 -2 -2 -2 -2 -2 -2 0 0 0 0 0 0 56511 0

#S 2  ascan  tth 3 113.55  110 1
#D Fri Oct 28 12:15:06 2022
#T 1  (Seconds)
#G0 0
#G1 1.54 1.54 90 4.079990459 4.079990459 90 1 0 60 30 0
#G3 4.079990459 2.498273628e-16 0 4.079990459
#G4 1.493097943 -0.618461418 0 0.7293188287
#Q 1.4931 -0.618461
#P0 45 0 0.88031583 0.19204008 0.12165184 0 5.9707899 0
#P1 1.2247863 -12.737998 6.6784105 6.93222 0.3 71.45 -1.0735 -9.5
#P2 32.320295 -15.944882 -0.52273198 0.48615598 0.072410457 0.67112781 0.74980798 0
#P3 3.0002479 -0.34340799 7.5 7.5 1 1 5.0125 4.9875
#P4 2 2 0 0 1.5 -0.6741573 0.67831103 0
#P5 -26.685 101.60317 3.4003048 0 0 0 0 0
#P6 0 0 2 0 15 0 4 0
#P7 10 0.013 3.5 -1 1.5 -0.75 6.5937444 17000.006
#P8 0 -1 1 1 440 0 
#N 42
#L tth  H  K  Epoch  Seconds  I0  I2  Foils  Normalized  A34410  kpow  ch5  ch6  ch7  TEMP  TTIMER  gkcnt1  gkcnt2  pd1  pd2  pd3  pd4  pd5  pd6  pd7  pd8  pd9  pd10  pd11  pd12  pd13  pd14  pd15  pd16  pd17  pd18  agdaq1  agdaq2  agdaq3  agdaq4  Monitor  Detector
3 0.11051 -0.00289382 148 2 240023 186     0000 0 0 0 2 210111 209276 0 0 0 0 -2 -2 -2 -2 -2 -2 -2 -2 -2 -2 -2 -2 -2 -2 -2 -2 0 0 0 0 0 0 224892 0
4.005 0.147479 -0.00515651 151 2.0727276 248694 192     0000 0 0 0 2 217616 216819 0 0 0 0 -2 -2 -2 -2 -2 -2 -2 -2 -2 -2 -2 -2 -2 -2 -2 -2 0 0 0 0 0 0 232852 0
5.01 0.184402 -0.00806727 154 2.1454548 257810 199     0000 8.2845923e-06 0 0 4 225532 224662 0 0 0 0 -2 -2 -2 -2 -2 -2 -2 -2 -2 -2 -2 -2 -2 -2 -2 -2 0 0 0 0 0 0 241412 2
6.015 0.221268 -0.0116252 157 2.218182 266553 206     0000 0 0 0 3 233190 232006 0 0 0 0 -2 -2 -2 -2 -2 -2 -2 -2 -2 -2 -2 -2 -2 -2 -2 -2 0 0 0 0 0 0 249606 0
7.02 0.258066 -0.0158292 161 2.2909092 275003 215     0000 0 0 0 2 240511 239178 0 0 0 0 -2 -2 -2 -2 -2 -2 -2 -2 -2 -2 -2 -2 -2 -2 -2 -2 0 0 0 0 0 0 257484 0
8.025 0.294785 -0.020678 164 2.3636364 283765 223     0000 0 0 0 2 248047 246623 0 0 0 0 -2 -2 -2 -2 -2 -2 -2 -2 -2 -2 -2 -2 -2 -2 -2 -2 0 0 0 0 0 0 265698 0
9.03 0.331413 -0.02617 167 2.436364 292522 229     0000 0 0 0 4 255549 254164 0 0 0 0 -2 -2 -2 -2 -2 -2 -2 -2 -2 -2 -2 -2 -2 -2 -2 -2 0 0 0 0 0 0 273876 0
10.035 0.367939 -0.0323037 171 2.5090912 301349 233     0000 3.5446789e-06 0 0 3 262869 262033 0 0 0 0 -2 -2 -2 -2 -2 -2 -2 -2 -2 -2 -2 -2 -2 -2 -2 -2 0 0 0 0 0 0 282113 1
11.04 0.404351 -0.0390771 174 2.5818184 309859 242     0000 0 0 0 2 270137 269351 0 0 0 0 -2 -2 -2 -2 -2 -2 -2 -2 -2 -2 -2 -2 -2 -2 -2 -2 0 0 0 0 0 0 290109 0
12.045 0.44064 -0.0464881 178 2.6545456 318763 249     0000 6.7014023e-06 0 0 5 277805 276981 0 0 0 0 -2 -2 -2 -2 -2 -2 -2 -2 -2 -2 -2 -2 -2 -2 -2 -2 0 0 0 0 0 0 298445 2
13.05 0.476793 -0.0545344 182 2.7272728 327224 255     0000 0 0 0 1 285103 284448 0 0 0 0 -2 -2 -2 -2 -2 -2 -2 -2 -2 -2 -2 -2 -2 -2 -2 -2 0 0 0 0 0 0 306392 0
14.055 0.512799 -0.0632136 185 2.8 336109 262     0000 3.1782556e-06 0 0 2 293037 291805 0 0 0 0 -2 -2 -2 -2 -2 -2 -2 -2 -2 -2 -2 -2 -2 -2 -2 -2 0 0 0 0 0 0 314638 1
15.06 0.548647 -0.0725231 189 2.8727276 344665 270     0000 0 0 0 2 300375 299513 0 0 0 0 -2 -2 -2 -2 -2 -2 -2 -2 -2 -2 -2 -2 -2 -2 -2 -2 0 0 0 0 0 0 322639 0
16.065 0.584327 -0.0824598 193 2.9454548 353569 276     0000 6.0422596e-06 0 0 3 308324 307220 0 0 0 0 -2 -2 -2 -2 -2 -2 -2 -2 -2 -2 -2 -2 -2 -2 -2 -2 0 0 0 0 0 0 331002 2
17.07 0.619827 -0.0930209 197 3.018182 361759 283     0000 5.9048609e-06 0 0 4 315628 314313 0 0 0 0 -2 -2 -2 -2 -2 -2 -2 -2 -2 -2 -2 -2 -2 -2 -2 -2 0 0 0 0 0 0 338704 2
18.075 0.655136 -0.104203 201 3.0909092 370442 290     0000 5.7657824e-06 0 0 4 323300 322030 0 0 0 0 -2 -2 -2 -2 -2 -2 -2 -2 -2 -2 -2 -2 -2 -2 -2 -2 0 0 0 0 0 0 346874 2
19.08 0.690243 -0.116003 205 3.1636364 378796 296     0000 0 0 0 1 330775 329361 0 0 0 0 -2 -2 -2 -2 -2 -2 -2 -2 -2 -2 -2 -2 -2 -2 -2 -2 0 0 0 0 0 0 354659 0
20.085 0.725139 -0.128416 209 3.236364 387708 304     0000 5.5096419e-06 0 0 5 338876 337193 0 0 0 0 -2 -2 -2 -2 -2 -2 -2 -2 -2 -2 -2 -2 -2 -2 -2 -2 0 0 0 0 0 0 363000 2
21.09 0.759811 -0.14144 213 3.3090912 396454 309     0000 0 0 0 4 346588 345282 0 0 0 0 -2 -2 -2 -2 -2 -2 -2 -2 -2 -2 -2 -2 -2 -2 -2 -2 0 0 0 0 0 0 371124 0
22.095 0.794249 -0.15507 218 3.3818184 405040 317     0000 1.0547577e-05 0 0 7 354092 353389 0 0 0 0 -2 -2 -2 -2 -2 -2 -2 -2 -2 -2 -2 -2 -2 -2 -2 -2 0 0 0 0 0 0 379234 4
23.1 0.828443 -0.169302 222 3.4545456 413807 323     0000 0 0 0 2 361961 361216 0 0 0 0 -2 -2 -2 -2 -2 -2 -2 -2 -2 -2 -2 -2 -2 -2 -2 -2 0 0 0 0 0 0 387365 0
24.105 0.862382 -0.184131 227 3.5272728 422430 330     0000 5.0579003e-06 0 0 3 369774 368734 0 0 0 0 -2 -2 -2 -2 -2 -2 -2 -2 -2 -2 -2 -2 -2 -2 -2 -2 0 0 0 0 0 0 395421 2
25.11 0.896056 -0.199553 231 3.6 430702 338     0000 0 0 0 3 377014 376032 0 0 0 0 -2 -2 -2 -2 -2 -2 -2 -2 -2 -2 -2 -2 -2 -2 -2 -2 0 0 0 0 0 0 403161 0
26.115 0.929454 -0.215564 236 3.6727276 440387 344     0000 0 0 0 6 385484 384075 0 0 0 0 -2 -2 -2 -2 -2 -2 -2 -2 -2 -2 -2 -2 -2 -2 -2 -2 0 0 0 0 0 0 412198 0
27.12 0.962566 -0.232158 240 3.7454548 448535 350     0000 4.7631749e-06 0 0 5 392440 391267 0 0 0 0 -2 -2 -2 -2 -2 -2 -2 -2 -2 -2 -2 -2 -2 -2 -2 -2 0 0 0 0 0 0 419888 2
28.125 0.995382 -0.24933 245 3.818182 456785 354     0000 7.0162473e-06 0 0 6 399229 398428 0 0 0 0 -2 -2 -2 -2 -2 -2 -2 -2 -2 -2 -2 -2 -2 -2 -2 -2 0 0 0 0 0 0 427579 3
29.13 1.02789 -0.267075 250 3.8909092 465730 362     0000 2.2937832e-06 0 0 4 407031 405783 0 0 0 0 -2 -2 -2 -2 -2 -2 -2 -2 -2 -2 -2 -2 -2 -2 -2 -2 0 0 0 0 0 0 435961 1
30.135 1.06009 -0.285388 255 3.9636364 474455 372     0000 9.0069398e-06 0 0 8 414543 412910 0 0 0 0 -2 -2 -2 -2 -2 -2 -2 -2 -2 -2 -2 -2 -2 -2 -2 -2 0 0 0 0 0 0 444102 4
31.14 1.09195 -0.304262 260 4.036364 482932 380     0000 4.4245047e-06 0 0 5 421738 420040 0 0 0 0 -2 -2 -2 -2 -2 -2 -2 -2 -2 -2 -2 -2 -2 -2 -2 -2 0 0 0 0 0 0 452028 2
32.145 1.12348 -0.323693 265 4.1090912 490817 386     0000 6.5284805e-06 0 0 6 428696 426856 0 0 0 0 -2 -2 -2 -2 -2 -2 -2 -2 -2 -2 -2 -2 -2 -2 -2 -2 0 0 0 0 0 0 459525 3
33.15 1.15467 -0.343674 270 4.1818184 501028 393     0000 2.1321325e-06 0 0 5 437454 435440 0 0 0 0 -2 -2 -2 -2 -2 -2 -2 -2 -2 -2 -2 -2 -2 -2 -2 -2 0 0 0 0 0 0 469014 1
34.155 1.1855 -0.364198 275 4.2545456 509135 400     0000 6.2951678e-06 0 0 4 443858 442680 0 0 0 0 -2 -2 -2 -2 -2 -2 -2 -2 -2 -2 -2 -2 -2 -2 -2 -2 0 0 0 0 0 0 476556 3
35.16 1.21597 -0.38526 280 4.3272728 517134 409     0000 2.0658425e-06 0 0 7 450815 449062 0 0 0 0 -2 -2 -2 -2 -2 -2 -2 -2 -2 -2 -2 -2 -2 -2 -2 -2 0 0 0 0 0 0 484064 1
36.165 1.24606 -0.406853 286 4.4 526607 415     0000 2.0286938e-06 0 0 5 458957 456840 0 0 0 0 -2 -2 -2 -2 -2 -2 -2 -2 -2 -2 -2 -2 -2 -2 -2 -2 0 0 0 0 0 0 492928 1
37.17 1.27577 -0.428971 291 4.4727276 535077 422     0000 3.9938176e-06 0 0 7 465699 464435 0 0 0 0 -2 -2 -2 -2 -2 -2 -2 -2 -2 -2 -2 -2 -2 -2 -2 -2 0 0 0 0 0 0 500774 2
38.175 1.30508 -0.451606 297 4.5454548 542798 426     0000 0 0 0 1 472872 470548 0 0 0 0 -2 -2 -2 -2 -2 -2 -2 -2 -2 -2 -2 -2 -2 -2 -2 -2 0 0 0 0 0 0 508043 0
39.18 1.334 -0.474752 302 4.618182 552055 432     0000 3.8710477e-06 0 0 4 480914 478896 0 0 0 0 -2 -2 -2 -2 -2 -2 -2 -2 -2 -2 -2 -2 -2 -2 -2 -2 0 0 0 0 0 0 516656 2
40.185 1.3625 -0.498402 308 4.6909092 560170 442     0000 1.9074178e-06 0 0 6 487788 486262 0 0 0 0 -2 -2 -2 -2 -2 -2 -2 -2 -2 -2 -2 -2 -2 -2 -2 -2 0 0 0 0 0 0 524269 1
41.19 1.39058 -0.522548 314 4.7636364 568702 448     0000 0 0 0 2 495093 493618 0 0 0 0 -2 -2 -2 -2 -2 -2 -2 -2 -2 -2 -2 -2 -2 -2 -2 -2 0 0 0 0 0 0 532214 0
42.195 1.41824 -0.547183 319 4.836364 578194 455     0000 0 0 0 6 503352 501657 0 0 0 0 -2 -2 -2 -2 -2 -2 -2 -2 -2 -2 -2 -2 -2 -2 -2 -2 0 0 0 0 0 0 541165 0
43.2 1.44546 -0.572299 325 4.9090912 586231 462     0000 0 0 0 3 510334 508477 0 0 0 0 -2 -2 -2 -2 -2 -2 -2 -2 -2 -2 -2 -2 -2 -2 -2 -2 0 0 0 0 0 0 548611 0
44.205 1.47224 -0.597889 331 4.9818184 594958 469     0000 0 0 0 2 517541 516064 0 0 0 0 -2 -2 -2 -2 -2 -2 -2 -2 -2 -2 -2 -2 -2 -2 -2 -2 0 0 0 0 0 0 556757 0
45.21 1.49856 -0.623944 337 5.0545456 603682 475     0000 0 0 0 3 525726 523087 0 0 0 0 -2 -2 -2 -2 -2 -2 -2 -2 -2 -2 -2 -2 -2 -2 -2 -2 0 0 0 0 0 0 564983 0
46.215 1.52442 -0.650457 343 5.1272728 612674 484     0000 0 0 0 3 533875 531404 0 0 0 0 -2 -2 -2 -2 -2 -2 -2 -2 -2 -2 -2 -2 -2 -2 -2 -2 0 0 0 0 0 0 573389 0
47.22 1.54981 -0.67742 349 5.2 621142 490     0000 3.440582e-06 0 0 4 541600 539155 0 0 0 0 -2 -2 -2 -2 -2 -2 -2 -2 -2 -2 -2 -2 -2 -2 -2 -2 0 0 0 0 0 0 581297 2
48.225 1.57473 -0.704823 355 5.2727276 629253 495     0000 3.3961335e-06 0 0 3 549061 546882 0 0 0 0 -2 -2 -2 -2 -2 -2 -2 -2 -2 -2 -2 -2 -2 -2 -2 -2 0 0 0 0 0 0 588905 2
49.23 1.59916 -0.73266 362 5.3454548 637786 501     0000 0 0 0 7 556883 554409 0 0 0 0 -2 -2 -2 -2 -2 -2 -2 -2 -2 -2 -2 -2 -2 -2 -2 -2 0 0 0 0 0 0 596823 0
50.235 1.6231 -0.760921 368 5.418182 646545 506     0000 1.6528407e-06 0 0 6 564683 562202 0 0 0 0 -2 -2 -2 -2 -2 -2 -2 -2 -2 -2 -2 -2 -2 -2 -2 -2 0 0 0 0 0 0 605019 1
51.24 1.64654 -0.789597 374 5.4909092 654329 514     0000 3.2664474e-06 0 0 6 571059 569712 0 0 0 0 -2 -2 -2 -2 -2 -2 -2 -2 -2 -2 -2 -2 -2 -2 -2 -2 0 0 0 0 0 0 612286 2
52.245 1.66948 -0.818681 381 5.5636364 663247 519     0000 0 0 0 6 579550 577175 0 0 0 0 -2 -2 -2 -2 -2 -2 -2 -2 -2 -2 -2 -2 -2 -2 -2 -2 0 0 0 0 0 0 620627 0
53.25 1.69189 -0.848161 387 5.636364 672076 526     0000 0 0 0 4 587578 584949 0 0 0 0 -2 -2 -2 -2 -2 -2 -2 -2 -2 -2 -2 -2 -2 -2 -2 -2 0 0 0 0 0 0 628911 0
54.255 1.71379 -0.878031 394 5.7090912 680339 529     0000 0 0 0 4 594967 592506 0 0 0 0 -2 -2 -2 -2 -2 -2 -2 -2 -2 -2 -2 -2 -2 -2 -2 -2 0 0 0 0 0 0 636562 0
55.26 1.73517 -0.90828 401 5.7818184 688577 541     0000 3.1042356e-06 0 0 5 602068 600181 0 0 0 0 -2 -2 -2 -2 -2 -2 -2 -2 -2 -2 -2 -2 -2 -2 -2 -2 0 0 0 0 0 0 644281 2
56.265 1.756 -0.9389 408 5.8545456 697780 547     0000 0 0 0 5 610423 607943 0 0 0 0 -2 -2 -2 -2 -2 -2 -2 -2 -2 -2 -2 -2 -2 -2 -2 -2 0 0 0 0 0 0 652962 0
57.27 1.7763 -0.96988 414 5.9272728 706201 553     0000 1.5133149e-06 0 0 4 618032 615622 0 0 0 0 -2 -2 -2 -2 -2 -2 -2 -2 -2 -2 -2 -2 -2 -2 -2 -2 0 0 0 0 0 0 660801 1
58.275 1.79605 -1.00121 421 6 714719 558     0000 0 0 0 2 625313 623493 0 0 0 0 -2 -2 -2 -2 -2 -2 -2 -2 -2 -2 -2 -2 -2 -2 -2 -2 0 0 0 0 0 0 668704 0
59.28 1.81525 -1.03288 428 6.0727276 725036 565     0000 1.4740436e-06 0 0 5 634773 632610 0 0 0 0 -2 -2 -2 -2 -2 -2 -2 -2 -2 -2 -2 -2 -2 -2 -2 -2 0 0 0 0 0 0 678406 1
60.285 1.83389 -1.06489 435 6.1454548 739346 573     0000 4.3365949e-06 0 0 8 647136 645032 0 0 0 0 -2 -2 -2 -2 -2 -2 -2 -2 -2 -2 -2 -2 -2 -2 -2 -2 0 0 0 0 0 0 691787 3
61.29 1.85197 -1.09722 442 6.218182 748756 579     0000 0 0 0 3 656000 652577 0 0 0 0 -2 -2 -2 -2 -2 -2 -2 -2 -2 -2 -2 -2 -2 -2 -2 -2 0 0 0 0 0 0 700560 0
62.295 1.86948 -1.12985 450 6.2909092 757499 585     0000 1.4109845e-06 0 0 5 663779 660706 0 0 0 0 -2 -2 -2 -2 -2 -2 -2 -2 -2 -2 -2 -2 -2 -2 -2 -2 0 0 0 0 0 0 708725 1
63.3 1.88641 -1.1628 457 6.3636364 766741 591     0000 0 0 0 7 672041 668255 0 0 0 0 -2 -2 -2 -2 -2 -2 -2 -2 -2 -2 -2 -2 -2 -2 -2 -2 0 0 0 0 0 0 717350 0
64.305 1.90276 -1.19603 464 6.436364 774684 601     0000 8.2788539e-06 0 0 12 678530 675309 0 0 0 0 -2 -2 -2 -2 -2 -2 -2 -2 -2 -2 -2 -2 -2 -2 -2 -2 0 0 0 0 0 0 724738 6
65.31 1.91852 -1.22954 472 6.5090912 783955 607     0000 4.0905038e-06 0 0 5 686039 683889 0 0 0 0 -2 -2 -2 -2 -2 -2 -2 -2 -2 -2 -2 -2 -2 -2 -2 -2 0 0 0 0 0 0 733406 3
66.315 1.9337 -1.26333 479 6.5818184 792020 614     0000 1.3494512e-06 0 0 7 693049 691079 0 0 0 0 -2 -2 -2 -2 -2 -2 -2 -2 -2 -2 -2 -2 -2 -2 -2 -2 0 0 0 0 0 0 741042 1
67.32 1.94828 -1.29738 487 6.6545456 801466 619     0000 4.0011417e-06 0 0 8 701099 699334 0 0 0 0 -2 -2 -2 -2 -2 -2 -2 -2 -2 -2 -2 -2 -2 -2 -2 -2 0 0 0 0 0 0 749786 3
68.325 1.96226 -1.33167 495 6.7272728 809108 624     0000 5.284309e-06 0 0 9 708064 705222 0 0 0 0 -2 -2 -2 -2 -2 -2 -2 -2 -2 -2 -2 -2 -2 -2 -2 -2 0 0 0 0 0 0 756958 4
69.33 1.97564 -1.36621 502 6.8 817945 631     0000 3.9201389e-06 0 0 6 715864 712341 0 0 0 0 -2 -2 -2 -2 -2 -2 -2 -2 -2 -2 -2 -2 -2 -2 -2 -2 0 0 0 0 0 0 765279 3
70.335 1.98841 -1.40098 510 6.8727276 827287 636     0000 3.8761092e-06 0 0 4 723803 720809 0 0 0 0 -2 -2 -2 -2 -2 -2 -2 -2 -2 -2 -2 -2 -2 -2 -2 -2 0 0 0 0 0 0 773972 3
71.34 2.00056 -1.43596 518 6.9454548 835078 642     0000 1.2799459e-06 0 0 4 730735 728470 0 0 0 0 -2 -2 -2 -2 -2 -2 -2 -2 -2 -2 -2 -2 -2 -2 -2 -2 0 0 0 0 0 0 781283 1
72.345 2.0121 -1.47116 526 7.018182 843783 648     0000 7.6016338e-06 0 0 12 738484 736436 0 0 0 0 -2 -2 -2 -2 -2 -2 -2 -2 -2 -2 -2 -2 -2 -2 -2 -2 0 0 0 0 0 0 789304 6
73.35 2.02303 -1.50655 534 7.0909092 852481 654     0000 5.0158815e-06 0 0 7 746443 744103 0 0 0 0 -2 -2 -2 -2 -2 -2 -2 -2 -2 -2 -2 -2 -2 -2 -2 -2 0 0 0 0 0 0 797467 4
74.355 2.03333 -1.54212 542 7.1636364 861264 661     0000 2.4821872e-06 0 0 8 754823 751620 0 0 0 0 -2 -2 -2 -2 -2 -2 -2 -2 -2 -2 -2 -2 -2 -2 -2 -2 0 0 0 0 0 0 805741 2
75.36 2.043 -1.57787 550 7.236364 869617 666     0000 8.604371e-06 0 0 15 761484 758491 0 0 0 0 -2 -2 -2 -2 -2 -2 -2 -2 -2 -2 -2 -2 -2 -2 -2 -2 0 0 0 0 0 0 813540 7
76.365 2.05205 -1.61379 558 7.3090912 877801 673     0000 1.2178562e-06 0 0 3 767896 765124 0 0 0 0 -2 -2 -2 -2 -2 -2 -2 -2 -2 -2 -2 -2 -2 -2 -2 -2 0 0 0 0 0 0 821115 1
77.37 2.06046 -1.64986 567 7.3818184 886618 680     0000 1.2056894e-06 0 0 5 775681 772353 0 0 0 0 -2 -2 -2 -2 -2 -2 -2 -2 -2 -2 -2 -2 -2 -2 -2 -2 0 0 0 0 0 0 829401 1
78.375 2.06825 -1.68607 575 7.4545456 894603 688     0000 2.3899717e-06 0 0 8 782556 778962 0 0 0 0 -2 -2 -2 -2 -2 -2 -2 -2 -2 -2 -2 -2 -2 -2 -2 -2 0 0 0 0 0 0 836830 2
79.38 2.07539 -1.72241 583 7.5272728 903701 693     0000 0 0 0 7 789687 786531 0 0 0 0 -2 -2 -2 -2 -2 -2 -2 -2 -2 -2 -2 -2 -2 -2 -2 -2 0 0 0 0 0 0 845382 0
80.385 2.0819 -1.75887 592 7.6 911991 704     0000 2.3442894e-06 0 0 7 796669 793624 0 0 0 0 -2 -2 -2 -2 -2 -2 -2 -2 -2 -2 -2 -2 -2 -2 -2 -2 0 0 0 0 0 0 853137 2
81.39 2.08776 -1.79544 601 7.6727276 920755 711     0000 1.16101e-06 0 0 5 804323 801351 0 0 0 0 -2 -2 -2 -2 -2 -2 -2 -2 -2 -2 -2 -2 -2 -2 -2 -2 0 0 0 0 0 0 861319 1
82.395 2.09299 -1.83211 609 7.7454548 929090 722     0000 1.1505534e-06 0 0 4 811484 808754 0 0 0 0 -2 -2 -2 -2 -2 -2 -2 -2 -2 -2 -2 -2 -2 -2 -2 -2 0 0 0 0 0 0 869147 1
83.4 2.09757 -1.86886 618 7.818182 937781 724     0000 2.280013e-06 0 0 5 818467 816688 0 0 0 0 -2 -2 -2 -2 -2 -2 -2 -2 -2 -2 -2 -2 -2 -2 -2 -2 0 0 0 0 0 0 877188 2
84.405 2.1015 -1.90569 627 7.8909092 946555 727     0000 1.1294879e-06 0 0 8 826162 823513 0 0 0 0 -2 -2 -2 -2 -2 -2 -2 -2 -2 -2 -2 -2 -2 -2 -2 -2 0 0 0 0 0 0 885357 1
85.41 2.10479 -1.94258 636 7.9636364 955315 737     0000 2.2384209e-06 0 0 6 832495 830598 0 0 0 0 -2 -2 -2 -2 -2 -2 -2 -2 -2 -2 -2 -2 -2 -2 -2 -2 0 0 0 0 0 0 893487 2
86.415 2.10743 -1.97953 645 8.036364 963093 751     0000 2.2203473e-06 0 0 4 839509 837037 0 0 0 0 -2 -2 -2 -2 -2 -2 -2 -2 -2 -2 -2 -2 -2 -2 -2 -2 0 0 0 0 0 0 900760 2
87.42 2.10942 -2.01651 654 8.1090912 970835 750     0000 4.4045005e-06 0 0 12 847060 843650 0 0 0 0 -2 -2 -2 -2 -2 -2 -2 -2 -2 -2 -2 -2 -2 -2 -2 -2 0 0 0 0 0 0 908162 4
88.425 2.11076 -2.05352 663 8.1818184 979855 752     0000 5.4554838e-06 0 0 9 855276 852045 0 0 0 0 -2 -2 -2 -2 -2 -2 -2 -2 -2 -2 -2 -2 -2 -2 -2 -2 0 0 0 0 0 0 916509 5
89.43 2.11145 -2.09055 672 8.2545456 988759 764     0000 4.3247919e-06 0 0 9 863277 860077 0 0 0 0 -2 -2 -2 -2 -2 -2 -2 -2 -2 -2 -2 -2 -2 -2 -2 -2 0 0 0 0 0 0 924900 4
90.435 2.1115 -2.12759 682 8.3272728 996746 770     0000 1.0724965e-06 0 0 10 869320 867457 0 0 0 0 -2 -2 -2 -2 -2 -2 -2 -2 -2 -2 -2 -2 -2 -2 -2 -2 0 0 0 0 0 0 932404 1
91.44 2.11089 -2.16462 691 8.4 1005646 778     0000 2.126126e-06 0 0 9 877447 874178 0 0 0 0 -2 -2 -2 -2 -2 -2 -2 -2 -2 -2 -2 -2 -2 -2 -2 -2 0 0 0 0 0 0 940678 2
92.445 2.10964 -2.20164 701 8.4727276 1014390 788     0000 1.0539451e-06 0 0 11 885712 881442 0 0 0 0 -2 -2 -2 -2 -2 -2 -2 -2 -2 -2 -2 -2 -2 -2 -2 -2 0 0 0 0 0 0 948816 1
93.45 2.10773 -2.23863 710 8.5454548 1024125 799     0000 5.2201385e-06 0 0 10 893818 889967 0 0 0 0 -2 -2 -2 -2 -2 -2 -2 -2 -2 -2 -2 -2 -2 -2 -2 -2 0 0 0 0 0 0 957829 5
94.455 2.10518 -2.27558 720 8.618182 1031426 804     0000 1.0365272e-06 0 0 7 899858 896222 0 0 0 0 -2 -2 -2 -2 -2 -2 -2 -2 -2 -2 -2 -2 -2 -2 -2 -2 0 0 0 0 0 0 964760 1
95.46 2.10198 -2.31248 730 8.6909092 1044580 812     0000 3.0705269e-06 0 0 11 910789 907231 0 0 0 0 -2 -2 -2 -2 -2 -2 -2 -2 -2 -2 -2 -2 -2 -2 -2 -2 0 0 0 0 0 0 977031 3
96.465 2.09813 -2.34931 739 8.7636364 1060431 816     0000 3.0248095e-06 0 0 8 924077 921656 0 0 0 0 -2 -2 -2 -2 -2 -2 -2 -2 -2 -2 -2 -2 -2 -2 -2 -2 0 0 0 0 0 0 991798 3
97.47 2.09364 -2.38608 749 8.836364 1069627 818     0000 9.9964413e-07 0 0 9 932282 929060 0 0 0 0 -2 -2 -2 -2 -2 -2 -2 -2 -2 -2 -2 -2 -2 -2 -2 -2 0 0 0 0 0 0 1000356 1
98.475 2.0885 -2.42276 759 8.9090912 1077565 831     0000 2.9768166e-06 0 0 6 938475 935004 0 0 0 0 -2 -2 -2 -2 -2 -2 -2 -2 -2 -2 -2 -2 -2 -2 -2 -2 0 0 0 0 0 0 1007788 3
99.48 2.08272 -2.45934 769 8.9818184 1087008 840     0000 3.934394e-06 0 0 10 947844 943654 0 0 0 0 -2 -2 -2 -2 -2 -2 -2 -2 -2 -2 -2 -2 -2 -2 -2 -2 0 0 0 0 0 0 1016675 4
100.485 2.0763 -2.49582 779 9.0545456 1094875 843     0000 1.9530983e-06 0 0 7 955503 952939 0 0 0 0 -2 -2 -2 -2 -2 -2 -2 -2 -2 -2 -2 -2 -2 -2 -2 -2 0 0 0 0 0 0 1024014 2
101.49 2.06924 -2.53218 789 9.1272728 1103546 848     0000 3.8757061e-06 0 0 5 964758 961012 0 0 0 0 -2 -2 -2 -2 -2 -2 -2 -2 -2 -2 -2 -2 -2 -2 -2 -2 0 0 0 0 0 0 1032070 4
102.495 2.06155 -2.5684 799 9.2 1112087 856     0000 2.8845571e-06 0 0 11 972165 967094 0 0 0 0 -2 -2 -2 -2 -2 -2 -2 -2 -2 -2 -2 -2 -2 -2 -2 -2 0 0 0 0 0 0 1040021 3
103.5 2.05322 -2.60449 809 9.2727276 1120156 859     0000 3.8185173e-06 0 0 10 976855 972521 0 0 0 0 -2 -2 -2 -2 -2 -2 -2 -2 -2 -2 -2 -2 -2 -2 -2 -2 0 0 0 0 0 0 1047527 4
104.505 2.04426 -2.64043 820 9.3454548 1128169 877     0000 9.4771369e-07 0 0 9 982641 979836 0 0 0 0 -2 -2 -2 -2 -2 -2 -2 -2 -2 -2 -2 -2 -2 -2 -2 -2 0 0 0 0 0 0 1055171 1
105.51 2.03466 -2.6762 830 9.418182 1136186 881     0000 3.7645925e-06 0 0 7 990865 986768 0 0 0 0 -2 -2 -2 -2 -2 -2 -2 -2 -2 -2 -2 -2 -2 -2 -2 -2 0 0 0 0 0 0 1062532 4
106.515 2.02445 -2.7118 841 9.4909092 1145717 888     0000 2.799667e-06 0 0 12 1000956 996549 0 0 0 0 -2 -2 -2 -2 -2 -2 -2 -2 -2 -2 -2 -2 -2 -2 -2 -2 0 0 0 0 0 0 1071556 3
107.52 2.01361 -2.74722 851 9.5636364 1152707 893     0000 0 0 0 6 1008093 1004666 0 0 0 0 -2 -2 -2 -2 -2 -2 -2 -2 -2 -2 -2 -2 -2 -2 -2 -2 0 0 0 0 0 0 1077994 0
108.525 2.00215 -2.78244 862 9.636364 1162051 905     0000 1.8403547e-06 0 0 7 1018492 1012074 0 0 0 0 -2 -2 -2 -2 -2 -2 -2 -2 -2 -2 -2 -2 -2 -2 -2 -2 0 0 0 0 0 0 1086747 2
109.53 1.99007 -2.81745 873 9.7090912 1169622 910     0000 4.5708644e-06 0 0 14 1024598 1020839 0 0 0 0 -2 -2 -2 -2 -2 -2 -2 -2 -2 -2 -2 -2 -2 -2 -2 -2 0 0 0 0 0 0 1093885 5
110.535 1.97739 -2.85225 883 9.7818184 1178319 922     0000 9.0744431e-07 0 0 7 1031720 1028538 0 0 0 0 -2 -2 -2 -2 -2 -2 -2 -2 -2 -2 -2 -2 -2 -2 -2 -2 0 0 0 0 0 0 1101996 1
111.54 1.96409 -2.88682 894 9.8545456 1186765 932     0000 0 0 0 4 1038890 1034636 0 0 0 0 -2 -2 -2 -2 -2 -2 -2 -2 -2 -2 -2 -2 -2 -2 -2 -2 0 0 0 0 0 0 1109867 0
112.545 1.95019 -2.92115 905 9.9272728 1194812 935     0000 0 0 0 3 1044884 1040534 0 0 0 0 -2 -2 -2 -2 -2 -2 -2 -2 -2 -2 -2 -2 -2 -2 -2 -2 0 0 0 0 0 0 1117379 0
113.55 1.93569 -2.95523 916 10 1203519 947     0000 2.6654275e-06 0 0 10 1054098 1048471 0 0 0 0 -2 -2 -2 -2 -2 -2 -2 -2 -2 -2 -2 -2 -2 -2 -2 -2 0 0 0 0 0 0 1125523 3
