#F ~/data/mr_roboto/Oct2022/2022Oct28_1135//scans/BL21Robot_0310-2022-10-28-1136
#E 1666982190
#D Fri Oct 28 11:36:30 2022
#C twoc  User = b_stone

#O0 tth  th  M0Vtran  M0Pitch  M0Yaw  Motor 3  M0Bend  diagnostic
#O1 M0Horzslt  M0Vertslt  Crystal  Analyzer  s12  s13  I0vert  vortex_x
#O2 vortex_y  vortex_z  Gonio_X  Gonio_Y  Gonio_Chi  Gonio_Theta  V0gap  V0tran
#O3 H0gap  H0tran  Top1Vert  Bttm1Vert  Left1Hor  Right1Hor  Top2Vert  Bttm2Vert
#O4 Left2Hor  Right2Hor  bsx  bsy  l3h  anzphi  Table_vert  Thor
#O5 Z-Stage  ALD Vertical  I0horz  s51  s52  s53  s54  s55
#O6 s56  s57  h1gap  h1tran  v1gap  v1tran  h2gap  h2tran
#O7 v2gap  v2tran  v3gap  v3tran  h3gap  h3tran  calcQ  Monochrom
#O8 tempset  cryomot  cth  ctth  kmotV  kmotI  
#o0 tth th m0vtran m0pitch m0yaw m3 m0bend diag
#o1 m0hsl m0vsl crystal anz s12 s13 i0vert vort_x
#o2 vort_y vort_z gonx gony gonchi gonthe v0gap v0tran
#o3 h0gap h0tran t1v b1v l1h r1h t2v b2v
#o4 l2h r2h bsx bsy l3h anzphi table thor
#o5 zstage ald i0horz s51 s52 s53 s54 s55
#o6 s56 s57 h1gap h1tran v1gap v1tran h2gap h2tran
#o7 v2gap v2tran v3gap v3tran h3gap h3tran _Q mono
#o8 tempset cryomot cth ctth kmotV kmotI 
#J0 Seconds  Monitor  Detector  I0  I2  Foils  Normalized  A34410
#J1 kpow  ch5  ch6  ch7  ICRxT  OCRxT  ROI1  ROI2
#J2 ROI3  ROI4  ROI5  ROI6  ROI7  TEMP  TTIMER  CTEMP
#J3 Timer  gkcnt1  gkcnt2  keith_I  keith_V  pd1  pd2  pd3
#J4 pd4  pd5  pd6  pd7  pd8  pd9  pd10  pd11
#J5 pd12  pd13  pd14  pd15  pd16  pd17  pd18  agdaq1
#J6 agdaq2  agdaq3  agdaq4  CTEMPB  
#j0 sec mon det i0 i2 fstat normlz A34410
#j1 kpow ch5 ch6 ch7 ICR OCR ROI1 ROI2
#j2 ROI3 ROI4 ROI5 ROI6 ROI7 TEMP tempsec CTEMP
#j3 timesec gkcnt1 gkcnt2 keith_I keith_V pd1 pd2 pd3
#j4 pd4 pd5 pd6 pd7 pd8 pd9 pd10 pd11
#j5 pd12 pd13 pd14 pd15 pd16 PD_MIN PD_MAX agdaq1
#j6 agdaq2 agdaq3 agdaq4 CTEMPB 


#S 1  ascan  gony -1.01384 1.98616  60 1
#D Fri Oct 28 11:37:02 2022
#T 1  (Seconds)
#G0 0
#G1 1.54 1.54 90 4.079990459 4.079990459 90 1 0 60 30 0
#G3 4.079990459 2.498273628e-16 0 4.079990459
#G4 1.493097943 -0.618461418 0 0.7293188287
#Q 1.4931 -0.618461
#P0 45 0 0.88031583 0.19204008 0.12165184 0 5.9707899 0
#P1 1.2247863 -12.737998 6.6784105 6.93222 0.3 71.45 -1.0735 -9.5
#P2 32.320295 -15.944882 -0.52273198 0.48615598 0.072410457 0.67112781 0.100076 0
#P3 3.0002479 -0.34340799 7.5 7.5 1 1 5.0125 4.9875
#P4 2 2 0 -4.0004999 1.5 -0.6741573 0.67831103 0
#P5 -26.685 101.60317 3.4003048 0 0 0 0 0
#P6 0 0 2 0 15 0 4 0
#P7 10 0.013 3.5 -1 1.5 -0.75 6.5937444 17000.006
#P8 0 -1 1 1 440 0 
#N 42
#L Gonio_Y  H  K  Epoch  Seconds  I0  I2  Foils  Normalized  A34410  kpow  ch5  ch6  ch7  TEMP  TTIMER  gkcnt1  gkcnt2  pd1  pd2  pd3  pd4  pd5  pd6  pd7  pd8  pd9  pd10  pd11  pd12  pd13  pd14  pd15  pd16  pd17  pd18  agdaq1  agdaq2  agdaq3  agdaq4  Monitor  Detector
-1.01346 1.4931 -0.618461 34 1 58224 57234     0000 1.8266508e-05 0 0 2 101393 100938 0 0 0 0 -2 -2 -2 -2 -2 -2 -2 -2 -2 -2 -2 -2 -2 -2 -2 -2 0 0 0 0 0 0 54745 1
-0.96316797 1.4931 -0.618461 35 1 58296 57332     0000 0 0 0 1 101519 101078 0 0 0 0 -2 -2 -2 -2 -2 -2 -2 -2 -2 -2 -2 -2 -2 -2 -2 -2 0 0 0 0 0 0 54669 0
-0.91439997 1.4931 -0.618461 36 1 58313 57272     0000 0 0 0 0 101627 101087 0 0 0 0 -2 -2 -2 -2 -2 -2 -2 -2 -2 -2 -2 -2 -2 -2 -2 -2 0 0 0 0 0 0 54671 0
-0.86410797 1.4931 -0.618461 37 1 58270 57241     0000 1.8299936e-05 0 0 1 101566 101062 0 0 0 0 -2 -2 -2 -2 -2 -2 -2 -2 -2 -2 -2 -2 -2 -2 -2 -2 0 0 0 0 0 0 54645 1
-0.81381597 1.4931 -0.618461 38 1 58204 57203     0000 0 0 0 1 101366 100984 0 0 0 0 -2 -2 -2 -2 -2 -2 -2 -2 -2 -2 -2 -2 -2 -2 -2 -2 0 0 0 0 0 0 54586 0
-0.76352398 1.4931 -0.618461 40 1 58219 57322     0000 0 0 0 1 101293 100995 0 0 0 0 -2 -2 -2 -2 -2 -2 -2 -2 -2 -2 -2 -2 -2 -2 -2 -2 0 0 0 0 0 0 54592 0
-0.71323198 1.4931 -0.618461 41 1 58208 57139     0000 0 0 0 0 101359 101045 0 0 0 0 -2 -2 -2 -2 -2 -2 -2 -2 -2 -2 -2 -2 -2 -2 -2 -2 0 0 0 0 0 0 54580 0
-0.66446398 1.4931 -0.618461 42 1 58210 57255     0000 0 0 0 0 101360 101044 0 0 0 0 -2 -2 -2 -2 -2 -2 -2 -2 -2 -2 -2 -2 -2 -2 -2 -2 0 0 0 0 0 0 54573 0
-0.61417198 1.4931 -0.618461 43 1 58185 57159     0000 0 0 0 0 101170 100977 0 0 0 0 -2 -2 -2 -2 -2 -2 -2 -2 -2 -2 -2 -2 -2 -2 -2 -2 0 0 0 0 0 0 54545 0
-0.56387998 1.4931 -0.618461 44 1 58187 57227     0000 0 0 0 1 101173 101003 0 0 0 0 -2 -2 -2 -2 -2 -2 -2 -2 -2 -2 -2 -2 -2 -2 -2 -2 0 0 0 0 0 0 54539 0
-0.51358798 1.4931 -0.618461 45 1 58182 57124     0000 0 0 0 1 101284 100965 0 0 0 0 -2 -2 -2 -2 -2 -2 -2 -2 -2 -2 -2 -2 -2 -2 -2 -2 0 0 0 0 0 0 54544 0
-0.46329599 1.4931 -0.618461 47 1 58182 57214     0000 0 0 0 2 101324 101030 0 0 0 0 -2 -2 -2 -2 -2 -2 -2 -2 -2 -2 -2 -2 -2 -2 -2 -2 0 0 0 0 0 0 54558 0
-0.41452799 1.4931 -0.618461 48 1 58195 57207     0000 0 0 0 1 101272 101095 0 0 0 0 -2 -2 -2 -2 -2 -2 -2 -2 -2 -2 -2 -2 -2 -2 -2 -2 0 0 0 0 0 0 54573 0
-0.36423599 1.4931 -0.618461 49 1 58149 57131     0000 0 0 0 1 101278 101028 0 0 0 0 -2 -2 -2 -2 -2 -2 -2 -2 -2 -2 -2 -2 -2 -2 -2 -2 0 0 0 0 0 0 54528 0
-0.31394399 1.4931 -0.618461 50 1 58172 57279     0000 0 0 0 2 101268 101065 0 0 0 0 -2 -2 -2 -2 -2 -2 -2 -2 -2 -2 -2 -2 -2 -2 -2 -2 0 0 0 0 0 0 54533 0
-0.26365199 1.4931 -0.618461 51 1 58242 57257     0000 0 0 0 1 101289 101157 0 0 0 0 -2 -2 -2 -2 -2 -2 -2 -2 -2 -2 -2 -2 -2 -2 -2 -2 0 0 0 0 0 0 54589 0
-0.21335999 1.4931 -0.618461 52 1 58290 57277     0000 0 0 0 1 101363 101150 0 0 0 0 -2 -2 -2 -2 -2 -2 -2 -2 -2 -2 -2 -2 -2 -2 -2 -2 0 0 0 0 0 0 54629 0
-0.16459199 1.4931 -0.618461 54 1 58218 57125     0000 1.8320387e-05 0 0 2 101334 101121 0 0 0 0 -2 -2 -2 -2 -2 -2 -2 -2 -2 -2 -2 -2 -2 -2 -2 -2 0 0 0 0 0 0 54584 1
-0.1143 1.4931 -0.618461 55 1 58139 57091     0000 0 0 0 0 101228 101024 0 0 0 0 -2 -2 -2 -2 -2 -2 -2 -2 -2 -2 -2 -2 -2 -2 -2 -2 0 0 0 0 0 0 54503 0
-0.064007998 1.4931 -0.618461 56 1 58129 57174     0000 0 0 0 0 101202 100990 0 0 0 0 -2 -2 -2 -2 -2 -2 -2 -2 -2 -2 -2 -2 -2 -2 -2 -2 0 0 0 0 0 0 54492 0
-0.013716 1.4931 -0.618461 57 1 58159 57116     0000 3.6684459e-05 0 0 2 101296 100901 0 0 0 0 -2 -2 -2 -2 -2 -2 -2 -2 -2 -2 -2 -2 -2 -2 -2 -2 0 0 0 0 0 0 54519 2
0.036575999 1.4931 -0.618461 58 1 58117 56446     0000 0 0 0 2 101155 100838 0 0 0 0 -2 -2 -2 -2 -2 -2 -2 -2 -2 -2 -2 -2 -2 -2 -2 -2 0 0 0 0 0 0 54484 0
0.086867997 1.4931 -0.618461 60 1 58131 52218     0000 1.8347614e-05 0 0 2 101273 100791 0 0 0 0 -2 -2 -2 -2 -2 -2 -2 -2 -2 -2 -2 -2 -2 -2 -2 -2 0 0 0 0 0 0 54503 1
0.135636 1.4931 -0.618461 61 1 58146 43760     0000 1.8341893e-05 0 0 2 101420 100904 0 0 0 0 -2 -2 -2 -2 -2 -2 -2 -2 -2 -2 -2 -2 -2 -2 -2 -2 0 0 0 0 0 0 54520 1
0.18592799 1.4931 -0.618461 62 1 58231 33921     0000 3.6631378e-05 0 0 4 101429 101010 0 0 0 0 -2 -2 -2 -2 -2 -2 -2 -2 -2 -2 -2 -2 -2 -2 -2 -2 0 0 0 0 0 0 54598 2
0.23621999 1.4931 -0.618461 63 1 58227 21601     0000 0 0 0 0 101432 100937 0 0 0 0 -2 -2 -2 -2 -2 -2 -2 -2 -2 -2 -2 -2 -2 -2 -2 -2 0 0 0 0 0 0 54596 0
0.28651199 1.4931 -0.618461 64 1 58202 10738     0000 1.8324415e-05 0 0 1 101431 100933 0 0 0 0 -2 -2 -2 -2 -2 -2 -2 -2 -2 -2 -2 -2 -2 -2 -2 -2 0 0 0 0 0 0 54572 1
0.33680399 1.4931 -0.618461 65 1 58220 5961     0000 0 0 0 1 101304 100957 0 0 0 0 -2 -2 -2 -2 -2 -2 -2 -2 -2 -2 -2 -2 -2 -2 -2 -2 0 0 0 0 0 0 54569 0
0.38557199 1.4931 -0.618461 67 1 58213 4502     0000 0 0 0 1 101239 100845 0 0 0 0 -2 -2 -2 -2 -2 -2 -2 -2 -2 -2 -2 -2 -2 -2 -2 -2 0 0 0 0 0 0 54565 0
0.43586399 1.4931 -0.618461 68 1 58188 3822     0000 0 0 0 1 101184 100760 0 0 0 0 -2 -2 -2 -2 -2 -2 -2 -2 -2 -2 -2 -2 -2 -2 -2 -2 0 0 0 0 0 0 54534 0
0.48615598 1.4931 -0.618461 69 1 58197 3660     0000 1.8333486e-05 0 0 1 101215 100782 0 0 0 0 -2 -2 -2 -2 -2 -2 -2 -2 -2 -2 -2 -2 -2 -2 -2 -2 0 0 0 0 0 0 54545 1
0.53644798 1.4931 -0.618461 70 1 58177 4046     0000 0 0 0 0 101263 100722 0 0 0 0 -2 -2 -2 -2 -2 -2 -2 -2 -2 -2 -2 -2 -2 -2 -2 -2 0 0 0 0 0 0 54536 0
0.58673998 1.4931 -0.618461 71 1 58150 5002     0000 0 0 0 1 101146 100725 0 0 0 0 -2 -2 -2 -2 -2 -2 -2 -2 -2 -2 -2 -2 -2 -2 -2 -2 0 0 0 0 0 0 54528 0
0.63550798 1.4931 -0.618461 72 1 58181 7030     0000 0 0 0 0 101091 100804 0 0 0 0 -2 -2 -2 -2 -2 -2 -2 -2 -2 -2 -2 -2 -2 -2 -2 -2 0 0 0 0 0 0 54561 0
0.68579998 1.4931 -0.618461 74 1 58134 13437     0000 0 0 0 0 100991 100675 0 0 0 0 -2 -2 -2 -2 -2 -2 -2 -2 -2 -2 -2 -2 -2 -2 -2 -2 0 0 0 0 0 0 54501 0
0.73609198 1.4931 -0.618461 75 1 58147 24856     0000 0 0 0 0 100993 100702 0 0 0 0 -2 -2 -2 -2 -2 -2 -2 -2 -2 -2 -2 -2 -2 -2 -2 -2 0 0 0 0 0 0 54515 0
0.78638397 1.4931 -0.618461 76 1 58122 36040     0000 0 0 0 2 101038 100670 0 0 0 0 -2 -2 -2 -2 -2 -2 -2 -2 -2 -2 -2 -2 -2 -2 -2 -2 0 0 0 0 0 0 54502 0
0.83667597 1.4931 -0.618461 77 1 58112 46391     0000 1.8349971e-05 0 0 1 101082 100615 0 0 0 0 -2 -2 -2 -2 -2 -2 -2 -2 -2 -2 -2 -2 -2 -2 -2 -2 0 0 0 0 0 0 54496 1
0.88544397 1.4931 -0.618461 78 1 58140 54573     0000 1.8342229e-05 0 0 1 101039 100693 0 0 0 0 -2 -2 -2 -2 -2 -2 -2 -2 -2 -2 -2 -2 -2 -2 -2 -2 0 0 0 0 0 0 54519 1
0.93573597 1.4931 -0.618461 79 1 58090 56882     0000 0 0 0 2 100895 100619 0 0 0 0 -2 -2 -2 -2 -2 -2 -2 -2 -2 -2 -2 -2 -2 -2 -2 -2 0 0 0 0 0 0 54459 0
0.98602797 1.4931 -0.618461 81 1 58048 57118     0000 0 0 0 1 100996 100547 0 0 0 0 -2 -2 -2 -2 -2 -2 -2 -2 -2 -2 -2 -2 -2 -2 -2 -2 0 0 0 0 0 0 54430 0
1.03632 1.4931 -0.618461 82 1 58116 57116     0000 0 0 0 0 101118 100674 0 0 0 0 -2 -2 -2 -2 -2 -2 -2 -2 -2 -2 -2 -2 -2 -2 -2 -2 0 0 0 0 0 0 54486 0
1.086612 1.4931 -0.618461 83 1 58140 57098     0000 0 0 0 2 101067 100836 0 0 0 0 -2 -2 -2 -2 -2 -2 -2 -2 -2 -2 -2 -2 -2 -2 -2 -2 0 0 0 0 0 0 54514 0
1.136904 1.4931 -0.618461 84 1 58079 57033     0000 0 0 0 0 100953 100752 0 0 0 0 -2 -2 -2 -2 -2 -2 -2 -2 -2 -2 -2 -2 -2 -2 -2 -2 0 0 0 0 0 0 54457 0
1.185672 1.4931 -0.618461 85 1 58071 57201     0000 0 0 0 1 100947 100596 0 0 0 0 -2 -2 -2 -2 -2 -2 -2 -2 -2 -2 -2 -2 -2 -2 -2 -2 0 0 0 0 0 0 54458 0
1.235964 1.4931 -0.618461 86 1 58140 57189     0000 0 0 0 0 101012 100658 0 0 0 0 -2 -2 -2 -2 -2 -2 -2 -2 -2 -2 -2 -2 -2 -2 -2 -2 0 0 0 0 0 0 54518 0
1.286256 1.4931 -0.618461 88 1 58100 56931     0000 0 0 0 0 101011 100634 0 0 0 0 -2 -2 -2 -2 -2 -2 -2 -2 -2 -2 -2 -2 -2 -2 -2 -2 0 0 0 0 0 0 54467 0
1.336548 1.4931 -0.618461 89 1 58054 57186     0000 1.8374922e-05 0 0 1 100990 100562 0 0 0 0 -2 -2 -2 -2 -2 -2 -2 -2 -2 -2 -2 -2 -2 -2 -2 -2 0 0 0 0 0 0 54422 1
1.38684 1.4931 -0.618461 90 1 58120 57079     0000 0 0 0 0 101103 100659 0 0 0 0 -2 -2 -2 -2 -2 -2 -2 -2 -2 -2 -2 -2 -2 -2 -2 -2 0 0 0 0 0 0 54491 0
1.435608 1.4931 -0.618461 91 1 58118 57069     0000 0 0 0 2 101042 100580 0 0 0 0 -2 -2 -2 -2 -2 -2 -2 -2 -2 -2 -2 -2 -2 -2 -2 -2 0 0 0 0 0 0 54485 0
1.4859 1.4931 -0.618461 92 1 58129 57235     0000 0 0 0 1 100979 100564 0 0 0 0 -2 -2 -2 -2 -2 -2 -2 -2 -2 -2 -2 -2 -2 -2 -2 -2 0 0 0 0 0 0 54507 0
1.536192 1.4931 -0.618461 93 1 58213 57213     0000 0 0 0 2 100991 100630 0 0 0 0 -2 -2 -2 -2 -2 -2 -2 -2 -2 -2 -2 -2 -2 -2 -2 -2 0 0 0 0 0 0 54589 0
1.5864839 1.4931 -0.618461 95 1 58187 57142     0000 0 0 0 0 100872 100616 0 0 0 0 -2 -2 -2 -2 -2 -2 -2 -2 -2 -2 -2 -2 -2 -2 -2 -2 0 0 0 0 0 0 54561 0
1.6367759 1.4931 -0.618461 96 1 58121 57056     0000 0 0 0 1 100777 100415 0 0 0 0 -2 -2 -2 -2 -2 -2 -2 -2 -2 -2 -2 -2 -2 -2 -2 -2 0 0 0 0 0 0 54474 0
1.6855439 1.4931 -0.618461 97 1 58060 57091     0000 0 0 0 1 100738 100303 0 0 0 0 -2 -2 -2 -2 -2 -2 -2 -2 -2 -2 -2 -2 -2 -2 -2 -2 0 0 0 0 0 0 54438 0
1.7358359 1.4931 -0.618461 98 1 58076 57100     0000 0 0 0 0 100771 100330 0 0 0 0 -2 -2 -2 -2 -2 -2 -2 -2 -2 -2 -2 -2 -2 -2 -2 -2 0 0 0 0 0 0 54456 0
1.7861279 1.4931 -0.618461 99 1 58143 57262     0000 1.8341893e-05 0 0 1 100895 100465 0 0 0 0 -2 -2 -2 -2 -2 -2 -2 -2 -2 -2 -2 -2 -2 -2 -2 -2 0 0 0 0 0 0 54520 1
1.8364199 1.4931 -0.618461 101 1 58244 57206     0000 0 0 0 1 100991 100578 0 0 0 0 -2 -2 -2 -2 -2 -2 -2 -2 -2 -2 -2 -2 -2 -2 -2 -2 0 0 0 0 0 0 54613 0
1.8867119 1.4931 -0.618461 102 1 58189 57130     0000 0 0 0 0 101000 100432 0 0 0 0 -2 -2 -2 -2 -2 -2 -2 -2 -2 -2 -2 -2 -2 -2 -2 -2 0 0 0 0 0 0 54556 0
1.9354799 1.4931 -0.618461 103 1 58080 56970     0000 0 0 0 1 100788 100260 0 0 0 0 -2 -2 -2 -2 -2 -2 -2 -2 -2 -2 -2 -2 -2 -2 -2 -2 0 0 0 0 0 0 54452 0
1.9857719 1.4931 -0.618461 104 1 58071 57218     0000 1.8362101e-05 0 0 3 100732 100280 0 0 0 0 -2 -2 -2 -2 -2 -2 -2 -2 -2 -2 -2 -2 -2 -2 -2 -2 0 0 0 0 0 0 54460 1

#S 2  ascan  tth 3 113.55  110 1
#D Fri Oct 28 11:38:28 2022
#T 1  (Seconds)
#G0 0
#G1 1.54 1.54 90 4.079990459 4.079990459 90 1 0 60 30 0
#G3 4.079990459 2.498273628e-16 0 4.079990459
#G4 1.493097943 -0.618461418 0 0.7293188287
#Q 1.4931 -0.618461
#P0 45 0 0.88031583 0.19204008 0.12165184 0 5.9707899 0
#P1 1.2247863 -12.737998 6.6784105 6.93222 0.3 71.45 -1.0735 -9.5
#P2 32.320295 -15.944882 -0.52273198 0.48615598 0.072410457 0.67112781 0.74980798 0
#P3 3.0002479 -0.34340799 7.5 7.5 1 1 5.0125 4.9875
#P4 2 2 0 0 1.5 -0.6741573 0.67831103 0
#P5 -26.685 101.60317 3.4003048 0 0 0 0 0
#P6 0 0 2 0 15 0 4 0
#P7 10 0.013 3.5 -1 1.5 -0.75 6.5937444 17000.006
#P8 0 -1 1 1 440 0 
#N 42
#L tth  H  K  Epoch  Seconds  I0  I2  Foils  Normalized  A34410  kpow  ch5  ch6  ch7  TEMP  TTIMER  gkcnt1  gkcnt2  pd1  pd2  pd3  pd4  pd5  pd6  pd7  pd8  pd9  pd10  pd11  pd12  pd13  pd14  pd15  pd16  pd17  pd18  agdaq1  agdaq2  agdaq3  agdaq4  Monitor  Detector
3 0.11051 -0.00289382 138 2 229996 183     0000 4.6361976e-06 0 0 1 201351 200497 0 0 0 0 -2 -2 -2 -2 -2 -2 -2 -2 -2 -2 -2 -2 -2 -2 -2 -2 0 0 0 0 0 0 215694 1
4.005 0.147479 -0.00515651 141 2.0727276 238152 188     0000 4.4816722e-06 0 0 3 208424 207825 0 0 0 0 -2 -2 -2 -2 -2 -2 -2 -2 -2 -2 -2 -2 -2 -2 -2 -2 0 0 0 0 0 0 223131 1
5.01 0.184402 -0.00806727 144 2.1454548 246584 195     0000 0 0 0 3 215862 215220 0 0 0 0 -2 -2 -2 -2 -2 -2 -2 -2 -2 -2 -2 -2 -2 -2 -2 -2 0 0 0 0 0 0 231066 0
6.015 0.221268 -0.0116252 148 2.218182 254940 202     0000 4.1864827e-06 0 0 4 223346 222324 0 0 0 0 -2 -2 -2 -2 -2 -2 -2 -2 -2 -2 -2 -2 -2 -2 -2 -2 0 0 0 0 0 0 238864 1
7.02 0.258066 -0.0158292 151 2.2909092 263263 210     0000 8.1070454e-06 0 0 4 230723 229542 0 0 0 0 -2 -2 -2 -2 -2 -2 -2 -2 -2 -2 -2 -2 -2 -2 -2 -2 0 0 0 0 0 0 246699 2
8.025 0.294785 -0.020678 154 2.3636364 271351 217     0000 3.9321933e-06 0 0 3 237708 236796 0 0 0 0 -2 -2 -2 -2 -2 -2 -2 -2 -2 -2 -2 -2 -2 -2 -2 -2 0 0 0 0 0 0 254311 1
9.03 0.331413 -0.02617 158 2.436364 279954 225     0000 3.8121669e-06 0 0 1 245456 244020 0 0 0 0 -2 -2 -2 -2 -2 -2 -2 -2 -2 -2 -2 -2 -2 -2 -2 -2 0 0 0 0 0 0 262318 1
10.035 0.367939 -0.0323037 161 2.5090912 288380 229     0000 1.1102558e-05 0 0 5 252745 251481 0 0 0 0 -2 -2 -2 -2 -2 -2 -2 -2 -2 -2 -2 -2 -2 -2 -2 -2 0 0 0 0 0 0 270208 3
11.04 0.404351 -0.0390771 164 2.5818184 296604 237     0000 0 0 0 0 259586 258949 0 0 0 0 -2 -2 -2 -2 -2 -2 -2 -2 -2 -2 -2 -2 -2 -2 -2 -2 0 0 0 0 0 0 277880 0
12.045 0.44064 -0.0464881 168 2.6545456 304720 243     0000 3.50313e-06 0 0 2 266768 265699 0 0 0 0 -2 -2 -2 -2 -2 -2 -2 -2 -2 -2 -2 -2 -2 -2 -2 -2 0 0 0 0 0 0 285459 1
13.05 0.476793 -0.0545344 172 2.7272728 313074 248     0000 3.4095248e-06 0 0 2 273989 272937 0 0 0 0 -2 -2 -2 -2 -2 -2 -2 -2 -2 -2 -2 -2 -2 -2 -2 -2 0 0 0 0 0 0 293296 1
14.055 0.512799 -0.0632136 175 2.8 322080 254     0000 0 0 0 3 281986 280475 0 0 0 0 -2 -2 -2 -2 -2 -2 -2 -2 -2 -2 -2 -2 -2 -2 -2 -2 0 0 0 0 0 0 301745 0
15.06 0.548647 -0.0725231 179 2.8727276 330342 263     0000 6.4627873e-06 0 0 4 288900 287930 0 0 0 0 -2 -2 -2 -2 -2 -2 -2 -2 -2 -2 -2 -2 -2 -2 -2 -2 0 0 0 0 0 0 309464 2
16.065 0.584327 -0.0824598 183 2.9454548 338668 268     0000 0 0 0 2 295871 295570 0 0 0 0 -2 -2 -2 -2 -2 -2 -2 -2 -2 -2 -2 -2 -2 -2 -2 -2 0 0 0 0 0 0 317253 0
17.07 0.619827 -0.0930209 187 3.018182 346650 276     0000 0 0 0 1 302949 302424 0 0 0 0 -2 -2 -2 -2 -2 -2 -2 -2 -2 -2 -2 -2 -2 -2 -2 -2 0 0 0 0 0 0 324750 0
18.075 0.655136 -0.104203 191 3.0909092 354620 282     0000 3.0097637e-06 0 0 1 310034 309337 0 0 0 0 -2 -2 -2 -2 -2 -2 -2 -2 -2 -2 -2 -2 -2 -2 -2 -2 0 0 0 0 0 0 332252 1
19.08 0.690243 -0.116003 195 3.1636364 362938 290     0000 0 0 0 2 317316 316690 0 0 0 0 -2 -2 -2 -2 -2 -2 -2 -2 -2 -2 -2 -2 -2 -2 -2 -2 0 0 0 0 0 0 339998 0
20.085 0.725139 -0.128416 199 3.236364 371563 296     0000 5.7458056e-06 0 0 6 325115 324018 0 0 0 0 -2 -2 -2 -2 -2 -2 -2 -2 -2 -2 -2 -2 -2 -2 -2 -2 0 0 0 0 0 0 348080 2
21.09 0.759811 -0.14144 204 3.3090912 379482 304     0000 1.125179e-05 0 0 6 332238 330772 0 0 0 0 -2 -2 -2 -2 -2 -2 -2 -2 -2 -2 -2 -2 -2 -2 -2 -2 0 0 0 0 0 0 355499 4
22.095 0.794249 -0.15507 208 3.3818184 387929 311     0000 0 0 0 1 339605 338220 0 0 0 0 -2 -2 -2 -2 -2 -2 -2 -2 -2 -2 -2 -2 -2 -2 -2 -2 0 0 0 0 0 0 363418 0
23.1 0.828443 -0.169302 212 3.4545456 396770 315     0000 2.6907688e-06 0 0 2 347482 345870 0 0 0 0 -2 -2 -2 -2 -2 -2 -2 -2 -2 -2 -2 -2 -2 -2 -2 -2 0 0 0 0 0 0 371641 1
24.105 0.862382 -0.184131 217 3.5272728 406576 323     0000 2.6257263e-06 0 0 6 355886 354646 0 0 0 0 -2 -2 -2 -2 -2 -2 -2 -2 -2 -2 -2 -2 -2 -2 -2 -2 0 0 0 0 0 0 380847 1
25.11 0.896056 -0.199553 221 3.6 417416 329     0000 2.5574401e-06 0 0 5 365080 364379 0 0 0 0 -2 -2 -2 -2 -2 -2 -2 -2 -2 -2 -2 -2 -2 -2 -2 -2 0 0 0 0 0 0 391016 1
26.115 0.929454 -0.215564 226 3.6727276 427311 338     0000 2.4983136e-06 0 0 3 373950 372773 0 0 0 0 -2 -2 -2 -2 -2 -2 -2 -2 -2 -2 -2 -2 -2 -2 -2 -2 0 0 0 0 0 0 400270 1
27.12 0.962566 -0.232158 231 3.7454548 434683 347     0000 2.4562662e-06 0 0 3 380227 379403 0 0 0 0 -2 -2 -2 -2 -2 -2 -2 -2 -2 -2 -2 -2 -2 -2 -2 -2 0 0 0 0 0 0 407122 1
28.125 0.995382 -0.24933 235 3.818182 443342 353     0000 4.8173734e-06 0 0 5 388042 386516 0 0 0 0 -2 -2 -2 -2 -2 -2 -2 -2 -2 -2 -2 -2 -2 -2 -2 -2 0 0 0 0 0 0 415164 2
29.13 1.02789 -0.267075 240 3.8909092 451765 360     0000 2.3633343e-06 0 0 5 395378 394040 0 0 0 0 -2 -2 -2 -2 -2 -2 -2 -2 -2 -2 -2 -2 -2 -2 -2 -2 0 0 0 0 0 0 423131 1
30.135 1.06009 -0.285388 245 3.9636364 460651 367     0000 2.3180021e-06 0 0 7 403135 401935 0 0 0 0 -2 -2 -2 -2 -2 -2 -2 -2 -2 -2 -2 -2 -2 -2 -2 -2 0 0 0 0 0 0 431406 1
31.14 1.09195 -0.304262 250 4.036364 468639 376     0000 4.5570128e-06 0 0 4 410663 408483 0 0 0 0 -2 -2 -2 -2 -2 -2 -2 -2 -2 -2 -2 -2 -2 -2 -2 -2 0 0 0 0 0 0 438884 2
32.145 1.12348 -0.323693 255 4.1090912 477174 381     0000 0 0 0 2 418185 416151 0 0 0 0 -2 -2 -2 -2 -2 -2 -2 -2 -2 -2 -2 -2 -2 -2 -2 -2 0 0 0 0 0 0 446884 0
33.15 1.15467 -0.343674 260 4.1818184 485190 390     0000 2.2007139e-06 0 0 1 425087 423627 0 0 0 0 -2 -2 -2 -2 -2 -2 -2 -2 -2 -2 -2 -2 -2 -2 -2 -2 0 0 0 0 0 0 454398 1
34.155 1.1855 -0.364198 266 4.2545456 493746 396     0000 2.1629619e-06 0 0 2 432697 431224 0 0 0 0 -2 -2 -2 -2 -2 -2 -2 -2 -2 -2 -2 -2 -2 -2 -2 -2 0 0 0 0 0 0 462329 1
35.16 1.21597 -0.38526 271 4.3272728 501290 399     0000 2.1302612e-06 0 0 1 439468 438480 0 0 0 0 -2 -2 -2 -2 -2 -2 -2 -2 -2 -2 -2 -2 -2 -2 -2 -2 0 0 0 0 0 0 469426 1
36.165 1.24606 -0.406853 276 4.4 510277 405     0000 0 0 0 3 447880 446525 0 0 0 0 -2 -2 -2 -2 -2 -2 -2 -2 -2 -2 -2 -2 -2 -2 -2 -2 0 0 0 0 0 0 477838 0
37.17 1.27577 -0.428971 282 4.4727276 518544 413     0000 4.1183024e-06 0 0 6 455425 454286 0 0 0 0 -2 -2 -2 -2 -2 -2 -2 -2 -2 -2 -2 -2 -2 -2 -2 -2 0 0 0 0 0 0 485637 2
38.175 1.30508 -0.451606 287 4.5454548 526844 419     0000 0 0 0 3 462828 461777 0 0 0 0 -2 -2 -2 -2 -2 -2 -2 -2 -2 -2 -2 -2 -2 -2 -2 -2 0 0 0 0 0 0 493384 0
39.18 1.334 -0.474752 293 4.618182 535251 425     0000 1.9953508e-06 0 0 4 470483 468956 0 0 0 0 -2 -2 -2 -2 -2 -2 -2 -2 -2 -2 -2 -2 -2 -2 -2 -2 0 0 0 0 0 0 501165 1
40.185 1.3625 -0.498402 298 4.6909092 543835 432     0000 1.9636258e-06 0 0 1 477870 476788 0 0 0 0 -2 -2 -2 -2 -2 -2 -2 -2 -2 -2 -2 -2 -2 -2 -2 -2 0 0 0 0 0 0 509262 1
41.19 1.39058 -0.522548 304 4.7636364 552221 439     0000 5.8015297e-06 0 0 4 485515 483720 0 0 0 0 -2 -2 -2 -2 -2 -2 -2 -2 -2 -2 -2 -2 -2 -2 -2 -2 0 0 0 0 0 0 517105 3
42.195 1.41824 -0.547183 310 4.836364 560575 443     0000 0 0 0 2 492944 490723 0 0 0 0 -2 -2 -2 -2 -2 -2 -2 -2 -2 -2 -2 -2 -2 -2 -2 -2 0 0 0 0 0 0 524887 0
43.2 1.44546 -0.572299 316 4.9090912 569148 449     0000 0 0 0 5 500758 498154 0 0 0 0 -2 -2 -2 -2 -2 -2 -2 -2 -2 -2 -2 -2 -2 -2 -2 -2 0 0 0 0 0 0 532940 0
44.205 1.47224 -0.597889 321 4.9818184 576482 457     0000 1.8526306e-06 0 0 8 507185 505201 0 0 0 0 -2 -2 -2 -2 -2 -2 -2 -2 -2 -2 -2 -2 -2 -2 -2 -2 0 0 0 0 0 0 539773 1
45.21 1.49856 -0.623944 327 5.0545456 585618 465     0000 5.4722157e-06 0 0 9 515305 513594 0 0 0 0 -2 -2 -2 -2 -2 -2 -2 -2 -2 -2 -2 -2 -2 -2 -2 -2 0 0 0 0 0 0 548224 3
46.215 1.52442 -0.650457 333 5.1272728 593759 470     0000 0 0 0 3 522724 520906 0 0 0 0 -2 -2 -2 -2 -2 -2 -2 -2 -2 -2 -2 -2 -2 -2 -2 -2 0 0 0 0 0 0 555932 0
47.22 1.54981 -0.67742 340 5.2 601492 473     0000 0 0 0 5 529212 528142 0 0 0 0 -2 -2 -2 -2 -2 -2 -2 -2 -2 -2 -2 -2 -2 -2 -2 -2 0 0 0 0 0 0 563190 0
48.225 1.57473 -0.704823 346 5.2727276 610096 480     0000 0 0 0 3 537109 535002 0 0 0 0 -2 -2 -2 -2 -2 -2 -2 -2 -2 -2 -2 -2 -2 -2 -2 -2 0 0 0 0 0 0 571132 0
49.23 1.59916 -0.73266 352 5.3454548 618553 488     0000 0 0 0 3 544430 542267 0 0 0 0 -2 -2 -2 -2 -2 -2 -2 -2 -2 -2 -2 -2 -2 -2 -2 -2 0 0 0 0 0 0 579140 0
50.235 1.6231 -0.760921 358 5.418182 626775 494     0000 1.7042017e-06 0 0 6 551211 549863 0 0 0 0 -2 -2 -2 -2 -2 -2 -2 -2 -2 -2 -2 -2 -2 -2 -2 -2 0 0 0 0 0 0 586785 1
51.24 1.64654 -0.789597 365 5.4909092 634594 500     0000 0 0 0 4 558005 556396 0 0 0 0 -2 -2 -2 -2 -2 -2 -2 -2 -2 -2 -2 -2 -2 -2 -2 -2 0 0 0 0 0 0 594107 0
52.245 1.66948 -0.818681 371 5.5636364 643644 509     0000 0 0 0 1 565917 564259 0 0 0 0 -2 -2 -2 -2 -2 -2 -2 -2 -2 -2 -2 -2 -2 -2 -2 -2 0 0 0 0 0 0 602548 0
53.25 1.69189 -0.848161 378 5.636364 651839 519     0000 1.6387156e-06 0 0 1 573167 571711 0 0 0 0 -2 -2 -2 -2 -2 -2 -2 -2 -2 -2 -2 -2 -2 -2 -2 -2 0 0 0 0 0 0 610234 1
54.255 1.71379 -0.878031 384 5.7090912 659860 522     0000 0 0 0 3 580120 578537 0 0 0 0 -2 -2 -2 -2 -2 -2 -2 -2 -2 -2 -2 -2 -2 -2 -2 -2 0 0 0 0 0 0 617706 0
55.26 1.73517 -0.90828 391 5.7818184 668205 528     0000 0 0 0 1 587105 585295 0 0 0 0 -2 -2 -2 -2 -2 -2 -2 -2 -2 -2 -2 -2 -2 -2 -2 -2 0 0 0 0 0 0 625519 0
56.265 1.756 -0.9389 398 5.8545456 676444 533     0000 1.5790654e-06 0 0 4 594497 591578 0 0 0 0 -2 -2 -2 -2 -2 -2 -2 -2 -2 -2 -2 -2 -2 -2 -2 -2 0 0 0 0 0 0 633286 1
57.27 1.7763 -0.96988 405 5.9272728 684224 539     0000 1.5611145e-06 0 0 5 600284 599560 0 0 0 0 -2 -2 -2 -2 -2 -2 -2 -2 -2 -2 -2 -2 -2 -2 -2 -2 0 0 0 0 0 0 640568 1
58.275 1.79605 -1.00121 412 6 693050 539     0000 3.0824668e-06 0 0 8 608077 605469 0 0 0 0 -2 -2 -2 -2 -2 -2 -2 -2 -2 -2 -2 -2 -2 -2 -2 -2 0 0 0 0 0 0 648831 2
59.28 1.81525 -1.03288 419 6.0727276 701832 546     0000 1.5221627e-06 0 0 5 614182 611620 0 0 0 0 -2 -2 -2 -2 -2 -2 -2 -2 -2 -2 -2 -2 -2 -2 -2 -2 0 0 0 0 0 0 656960 1
60.285 1.83389 -1.06489 426 6.1454548 710008 553     0000 0 0 0 7 619908 617894 0 0 0 0 -2 -2 -2 -2 -2 -2 -2 -2 -2 -2 -2 -2 -2 -2 -2 -2 0 0 0 0 0 0 664629 0
61.29 1.85197 -1.09722 433 6.218182 718068 555     0000 2.9755927e-06 0 0 11 626587 624686 0 0 0 0 -2 -2 -2 -2 -2 -2 -2 -2 -2 -2 -2 -2 -2 -2 -2 -2 0 0 0 0 0 0 672135 2
62.295 1.86948 -1.12985 440 6.2909092 726283 559     0000 4.412498e-06 0 0 9 633450 632251 0 0 0 0 -2 -2 -2 -2 -2 -2 -2 -2 -2 -2 -2 -2 -2 -2 -2 -2 0 0 0 0 0 0 679887 3
63.3 1.88641 -1.1628 447 6.3636364 733794 569     0000 5.8233996e-06 0 0 10 640429 638717 0 0 0 0 -2 -2 -2 -2 -2 -2 -2 -2 -2 -2 -2 -2 -2 -2 -2 -2 0 0 0 0 0 0 686884 4
64.305 1.90276 -1.19603 455 6.436364 741702 576     0000 1.4403867e-06 0 0 5 647264 645430 0 0 0 0 -2 -2 -2 -2 -2 -2 -2 -2 -2 -2 -2 -2 -2 -2 -2 -2 0 0 0 0 0 0 694258 1
65.31 1.91852 -1.22954 462 6.5090912 750390 584     0000 1.4237976e-06 0 0 4 654864 652893 0 0 0 0 -2 -2 -2 -2 -2 -2 -2 -2 -2 -2 -2 -2 -2 -2 -2 -2 0 0 0 0 0 0 702347 1
66.315 1.9337 -1.26333 470 6.5818184 758539 591     0000 0 0 0 6 661825 660271 0 0 0 0 -2 -2 -2 -2 -2 -2 -2 -2 -2 -2 -2 -2 -2 -2 -2 -2 0 0 0 0 0 0 710036 0
67.32 1.94828 -1.29738 477 6.6545456 765936 597     0000 4.1843747e-06 0 0 10 668795 666430 0 0 0 0 -2 -2 -2 -2 -2 -2 -2 -2 -2 -2 -2 -2 -2 -2 -2 -2 0 0 0 0 0 0 716953 3
68.325 1.96226 -1.33167 485 6.7272728 773962 606     0000 4.1412269e-06 0 0 5 675390 673323 0 0 0 0 -2 -2 -2 -2 -2 -2 -2 -2 -2 -2 -2 -2 -2 -2 -2 -2 0 0 0 0 0 0 724423 3
69.33 1.97564 -1.36621 493 6.8 781826 606     0000 1.3664208e-06 0 0 2 682028 680064 0 0 0 0 -2 -2 -2 -2 -2 -2 -2 -2 -2 -2 -2 -2 -2 -2 -2 -2 0 0 0 0 0 0 731839 1
70.335 1.98841 -1.40098 500 6.8727276 790497 612     0000 0 0 0 4 690112 687915 0 0 0 0 -2 -2 -2 -2 -2 -2 -2 -2 -2 -2 -2 -2 -2 -2 -2 -2 0 0 0 0 0 0 739917 0
71.34 2.00056 -1.43596 508 6.9454548 798922 622     0000 1.3373078e-06 0 0 5 698503 696203 0 0 0 0 -2 -2 -2 -2 -2 -2 -2 -2 -2 -2 -2 -2 -2 -2 -2 -2 0 0 0 0 0 0 747771 1
72.345 2.0121 -1.47116 516 7.018182 809298 629     0000 3.9604588e-06 0 0 4 708869 704808 0 0 0 0 -2 -2 -2 -2 -2 -2 -2 -2 -2 -2 -2 -2 -2 -2 -2 -2 0 0 0 0 0 0 757488 3
73.35 2.02303 -1.50655 524 7.0909092 824838 641     0000 0 0 0 7 722502 719479 0 0 0 0 -2 -2 -2 -2 -2 -2 -2 -2 -2 -2 -2 -2 -2 -2 -2 -2 0 0 0 0 0 0 771993 0
74.355 2.03333 -1.54212 532 7.1636364 833465 646     0000 1.2819461e-06 0 0 9 730243 728578 0 0 0 0 -2 -2 -2 -2 -2 -2 -2 -2 -2 -2 -2 -2 -2 -2 -2 -2 0 0 0 0 0 0 780064 1
75.36 2.043 -1.57787 540 7.236364 842148 652     0000 2.5376234e-06 0 0 5 739343 736153 0 0 0 0 -2 -2 -2 -2 -2 -2 -2 -2 -2 -2 -2 -2 -2 -2 -2 -2 0 0 0 0 0 0 788139 2
76.365 2.05205 -1.61379 549 7.3090912 850530 654     0000 5.0254666e-06 0 0 12 746840 743886 0 0 0 0 -2 -2 -2 -2 -2 -2 -2 -2 -2 -2 -2 -2 -2 -2 -2 -2 0 0 0 0 0 0 795946 4
77.37 2.06046 -1.64986 557 7.3818184 859176 656     0000 0 0 0 4 754376 751504 0 0 0 0 -2 -2 -2 -2 -2 -2 -2 -2 -2 -2 -2 -2 -2 -2 -2 -2 0 0 0 0 0 0 803996 0
78.375 2.06825 -1.68607 565 7.4545456 867109 661     0000 1.2323937e-06 0 0 5 761494 758094 0 0 0 0 -2 -2 -2 -2 -2 -2 -2 -2 -2 -2 -2 -2 -2 -2 -2 -2 0 0 0 0 0 0 811429 1
79.38 2.07539 -1.72241 574 7.5272728 875630 670     0000 2.4407746e-06 0 0 4 768224 766139 0 0 0 0 -2 -2 -2 -2 -2 -2 -2 -2 -2 -2 -2 -2 -2 -2 -2 -2 0 0 0 0 0 0 819412 2
80.385 2.0819 -1.75887 582 7.6 883692 681     0000 3.6277713e-06 0 0 8 776609 772144 0 0 0 0 -2 -2 -2 -2 -2 -2 -2 -2 -2 -2 -2 -2 -2 -2 -2 -2 0 0 0 0 0 0 826954 3
81.39 2.08776 -1.79544 591 7.6727276 893209 689     0000 2.3929084e-06 0 0 5 785075 781442 0 0 0 0 -2 -2 -2 -2 -2 -2 -2 -2 -2 -2 -2 -2 -2 -2 -2 -2 0 0 0 0 0 0 835803 2
82.395 2.09299 -1.83211 600 7.7454548 900576 702     0000 1.1866985e-06 0 0 6 790976 788219 0 0 0 0 -2 -2 -2 -2 -2 -2 -2 -2 -2 -2 -2 -2 -2 -2 -2 -2 0 0 0 0 0 0 842674 1
83.4 2.09757 -1.86886 608 7.818182 909281 707     0000 3.5259605e-06 0 0 7 798625 795553 0 0 0 0 -2 -2 -2 -2 -2 -2 -2 -2 -2 -2 -2 -2 -2 -2 -2 -2 0 0 0 0 0 0 850832 3
84.405 2.1015 -1.90569 617 7.8909092 917199 710     0000 1.1650911e-06 0 0 3 805763 802662 0 0 0 0 -2 -2 -2 -2 -2 -2 -2 -2 -2 -2 -2 -2 -2 -2 -2 -2 0 0 0 0 0 0 858302 1
85.41 2.10479 -1.94258 626 7.9636364 926176 716     0000 1.1538857e-06 0 0 6 813943 809780 0 0 0 0 -2 -2 -2 -2 -2 -2 -2 -2 -2 -2 -2 -2 -2 -2 -2 -2 0 0 0 0 0 0 866637 1
86.415 2.10743 -1.97953 635 8.036364 936129 723     0000 3.4247553e-06 0 0 13 821737 819310 0 0 0 0 -2 -2 -2 -2 -2 -2 -2 -2 -2 -2 -2 -2 -2 -2 -2 -2 0 0 0 0 0 0 875975 3
87.42 2.10942 -2.01651 644 8.1090912 943317 726     0000 3.3985708e-06 0 0 8 827859 825032 0 0 0 0 -2 -2 -2 -2 -2 -2 -2 -2 -2 -2 -2 -2 -2 -2 -2 -2 0 0 0 0 0 0 882724 3
88.425 2.11076 -2.05352 654 8.1818184 951553 735     0000 3.3698097e-06 0 0 6 834975 832439 0 0 0 0 -2 -2 -2 -2 -2 -2 -2 -2 -2 -2 -2 -2 -2 -2 -2 -2 0 0 0 0 0 0 890258 3
89.43 2.11145 -2.09055 663 8.2545456 961004 745     0000 1.1122456e-06 0 0 4 843059 840522 0 0 0 0 -2 -2 -2 -2 -2 -2 -2 -2 -2 -2 -2 -2 -2 -2 -2 -2 0 0 0 0 0 0 899082 1
90.435 2.1115 -2.12759 672 8.3272728 968783 749     0000 5.5156346e-06 0 0 10 850490 846932 0 0 0 0 -2 -2 -2 -2 -2 -2 -2 -2 -2 -2 -2 -2 -2 -2 -2 -2 0 0 0 0 0 0 906514 5
91.44 2.11089 -2.16462 681 8.4 977488 750     0000 3.2802659e-06 0 0 10 857629 854486 0 0 0 0 -2 -2 -2 -2 -2 -2 -2 -2 -2 -2 -2 -2 -2 -2 -2 -2 0 0 0 0 0 0 914560 3
92.445 2.10964 -2.20164 691 8.4727276 984603 758     0000 3.2567491e-06 0 0 9 863418 860165 0 0 0 0 -2 -2 -2 -2 -2 -2 -2 -2 -2 -2 -2 -2 -2 -2 -2 -2 0 0 0 0 0 0 921164 3
93.45 2.10773 -2.23863 700 8.5454548 992131 766     0000 4.3094764e-06 0 0 7 869100 866940 0 0 0 0 -2 -2 -2 -2 -2 -2 -2 -2 -2 -2 -2 -2 -2 -2 -2 -2 0 0 0 0 0 0 928187 4
94.455 2.10518 -2.27558 710 8.618182 1001616 777     0000 3.2012259e-06 0 0 8 877740 874145 0 0 0 0 -2 -2 -2 -2 -2 -2 -2 -2 -2 -2 -2 -2 -2 -2 -2 -2 0 0 0 0 0 0 937141 3
95.46 2.10198 -2.31248 720 8.6909092 1008737 792     0000 2.1189898e-06 0 0 8 884605 881060 0 0 0 0 -2 -2 -2 -2 -2 -2 -2 -2 -2 -2 -2 -2 -2 -2 -2 -2 0 0 0 0 0 0 943846 2
96.465 2.09813 -2.34931 729 8.7636364 1017826 799     0000 3.1503472e-06 0 0 15 892695 888400 0 0 0 0 -2 -2 -2 -2 -2 -2 -2 -2 -2 -2 -2 -2 -2 -2 -2 -2 0 0 0 0 0 0 952276 3
97.47 2.09364 -2.38608 739 8.836364 1026645 808     0000 4.1650093e-06 0 0 9 898452 895368 0 0 0 0 -2 -2 -2 -2 -2 -2 -2 -2 -2 -2 -2 -2 -2 -2 -2 -2 0 0 0 0 0 0 960382 4
98.475 2.0885 -2.42276 749 8.9090912 1034217 811     0000 7.2343645e-06 0 0 14 904251 901530 0 0 0 0 -2 -2 -2 -2 -2 -2 -2 -2 -2 -2 -2 -2 -2 -2 -2 -2 0 0 0 0 0 0 967604 7
99.48 2.08272 -2.45934 759 8.9818184 1042430 822     0000 2.0508635e-06 0 0 8 911079 908242 0 0 0 0 -2 -2 -2 -2 -2 -2 -2 -2 -2 -2 -2 -2 -2 -2 -2 -2 0 0 0 0 0 0 975199 2
100.485 2.0763 -2.49582 769 9.0545456 1051845 826     0000 2.0325492e-06 0 0 5 920342 916189 0 0 0 0 -2 -2 -2 -2 -2 -2 -2 -2 -2 -2 -2 -2 -2 -2 -2 -2 0 0 0 0 0 0 983986 2
101.49 2.06924 -2.53218 779 9.1272728 1059322 834     0000 3.0270742e-06 0 0 12 925785 923561 0 0 0 0 -2 -2 -2 -2 -2 -2 -2 -2 -2 -2 -2 -2 -2 -2 -2 -2 0 0 0 0 0 0 991056 3
102.495 2.06155 -2.5684 789 9.2 1068569 840     0000 2.0007423e-06 0 0 5 933703 930644 0 0 0 0 -2 -2 -2 -2 -2 -2 -2 -2 -2 -2 -2 -2 -2 -2 -2 -2 0 0 0 0 0 0 999629 2
103.5 2.05322 -2.60449 800 9.2727276 1074136 846     0000 3.9802619e-06 0 0 7 938483 936090 0 0 0 0 -2 -2 -2 -2 -2 -2 -2 -2 -2 -2 -2 -2 -2 -2 -2 -2 0 0 0 0 0 0 1004959 4
104.505 2.04426 -2.64043 810 9.3454548 1083855 860     0000 2.9587404e-06 0 0 9 946500 943531 0 0 0 0 -2 -2 -2 -2 -2 -2 -2 -2 -2 -2 -2 -2 -2 -2 -2 -2 0 0 0 0 0 0 1013945 3
105.51 2.03466 -2.6762 820 9.418182 1097994 871     0000 1.947067e-06 0 0 11 959308 955506 0 0 0 0 -2 -2 -2 -2 -2 -2 -2 -2 -2 -2 -2 -2 -2 -2 -2 -2 0 0 0 0 0 0 1027186 2
106.515 2.02445 -2.7118 831 9.4909092 1112737 883     0000 1.9214308e-06 0 0 8 973265 968195 0 0 0 0 -2 -2 -2 -2 -2 -2 -2 -2 -2 -2 -2 -2 -2 -2 -2 -2 0 0 0 0 0 0 1040891 2
107.52 2.01361 -2.74722 841 9.5636364 1121146 881     0000 1.9069176e-06 0 0 10 981660 977794 0 0 0 0 -2 -2 -2 -2 -2 -2 -2 -2 -2 -2 -2 -2 -2 -2 -2 -2 0 0 0 0 0 0 1048813 2
108.525 2.00215 -2.78244 852 9.636364 1127828 880     0000 9.4784035e-07 0 0 6 987904 984537 0 0 0 0 -2 -2 -2 -2 -2 -2 -2 -2 -2 -2 -2 -2 -2 -2 -2 -2 0 0 0 0 0 0 1055030 1
109.53 1.99007 -2.81745 863 9.7090912 1136570 891     0000 2.8215749e-06 0 0 7 994453 991332 0 0 0 0 -2 -2 -2 -2 -2 -2 -2 -2 -2 -2 -2 -2 -2 -2 -2 -2 0 0 0 0 0 0 1063236 3
110.535 1.97739 -2.85225 873 9.7818184 1143757 894     0000 9.3468164e-07 0 0 7 999885 998108 0 0 0 0 -2 -2 -2 -2 -2 -2 -2 -2 -2 -2 -2 -2 -2 -2 -2 -2 0 0 0 0 0 0 1069883 1
111.54 1.96409 -2.88682 884 9.8545456 1152649 906     0000 1.854811e-06 0 0 8 1009071 1006321 0 0 0 0 -2 -2 -2 -2 -2 -2 -2 -2 -2 -2 -2 -2 -2 -2 -2 -2 0 0 0 0 0 0 1078277 2
112.545 1.95019 -2.92115 895 9.9272728 1160566 918     0000 9.2108935e-07 0 0 6 1016508 1013044 0 0 0 0 -2 -2 -2 -2 -2 -2 -2 -2 -2 -2 -2 -2 -2 -2 -2 -2 0 0 0 0 0 0 1085671 1
113.55 1.93569 -2.95523 906 10 1169084 931     0000 0 0 0 7 1023227 1020692 0 0 0 0 -2 -2 -2 -2 -2 -2 -2 -2 -2 -2 -2 -2 -2 -2 -2 -2 0 0 0 0 0 0 1093582 0
